0	0
0	1
0	2
1	3
1	4
1	5
1	6
2	7
2	8
2	9
3	10
3	11
4	12
4	13
5	4
5	6
5	14
5	15
6	16
6	17
6	18
7	19
7	20
8	1
8	21
8	22
9	23
9	24
9	25
9	26
10	27
10	28
10	29
11	30
11	31
11	32
11	33
11	34
11	35
12	36
12	37
12	38
13	39
13	40
14	41
14	42
15	43
15	44
15	45
16	46
17	47
17	48
17	49
17	50
17	51
18	52
18	53
18	54
19	55
19	56
19	57
20	1
20	58
20	59
21	60
21	61
22	62
22	63
22	64
23	65
23	66
24	67
24	68
25	69
25	70
25	71
25	72
25	73
25	74
25	75
25	76
26	68
26	77
27	78
27	79
27	80
28	81
28	82
28	83
28	84
29	85
29	86
29	87
30	88
30	89
30	90
31	71
31	73
31	75
31	91
32	92
32	93
32	94
33	95
33	96
33	97
33	98
33	99
34	100
34	101
34	102
35	103
35	104
35	105
36	106
36	107
36	108
36	109
37	110
37	111
37	112
37	113
38	114
38	115
38	116
39	117
39	118
39	119
40	120
40	121
40	122
41	123
41	124
41	125
41	126
42	30
42	32
42	127
42	128
43	73
43	129
43	130
43	131
43	132
44	133
44	134
44	135
44	136
45	137
45	138
45	139
45	140
45	141
46	115
46	142
47	143
48	49
48	144
48	145
49	146
49	147
49	148
50	149
50	150
50	151
51	1
51	152
51	153
51	154
52	81
52	155
52	156
52	157
52	158
53	159
53	160
54	161
54	162
54	163
54	164
54	165
55	166
55	167
55	168
55	169
56	170
56	171
57	172
57	173
58	81
58	174
58	175
59	176
59	177
60	178
60	179
60	180
60	181
61	182
61	183
62	184
62	185
62	186
63	187
63	188
63	189
63	190
63	191
63	192
64	193
64	194
64	195
65	196
65	197
65	198
66	81
66	199
66	200
66	201
66	202
66	203
67	69
67	204
67	205
67	206
67	207
68	208
68	209
68	210
69	211
69	212
70	213
70	214
70	215
70	216
71	99
71	217
71	218
72	219
72	220
73	221
73	222
73	223
73	224
74	30
74	32
74	225
75	128
75	226
75	227
75	228
76	72
76	81
76	84
76	229
76	230
77	231
77	232
77	233
78	234
78	235
79	236
79	237
80	101
80	238
80	239
80	240
81	241
81	242
81	243
82	244
82	245
82	246
83	247
83	248
83	249
83	250
84	133
84	136
84	251
84	252
85	72
85	253
85	254
85	255
86	256
86	257
86	258
86	259
87	260
87	261
87	262
87	263
88	264
88	265
89	106
89	266
89	267
90	268
90	269
90	270
91	271
91	272
91	273
92	274
92	275
92	276
93	30
93	228
93	277
93	278
93	279
94	246
94	280
95	95
95	99
95	281
95	282
95	283
96	284
96	285
96	286
97	129
97	287
97	288
97	289
97	290
97	291
97	292
98	293
98	294
99	295
99	296
99	297
100	298
100	299
100	300
100	301
100	302
101	9
101	303
102	304
102	305
103	306
103	307
104	308
104	309
104	310
105	311
105	312
105	313
106	314
106	315
106	316
106	317
106	318
106	319
107	320
107	321
107	322
107	323
107	324
108	325
108	326
109	327
110	328
110	329
110	330
110	331
110	332
110	333
111	334
111	335
111	336
112	337
112	338
113	339
113	340
113	341
113	342
114	30
114	228
114	277
114	343
114	344
114	345
114	346
114	347
114	348
114	349
114	350
115	127
115	351
115	352
115	353
115	354
115	355
115	356
116	313
116	357
116	358
116	359
116	360
117	361
117	362
117	363
117	364
118	365
118	366
118	367
118	368
118	369
118	370
119	46
120	371
120	372
120	373
121	9
121	303
122	129
122	374
123	375
123	376
123	377
123	378
124	379
124	380
124	381
124	382
124	383
124	384
125	385
125	386
125	387
125	388
125	389
126	325
126	326
126	390
127	391
127	392
127	393
127	394
128	395
128	396
128	397
128	398
129	399
129	400
129	401
129	402
129	403
130	404
130	405
130	406
130	407
131	408
132	409
132	410
133	411
133	412
133	413
133	414
133	415
133	416
134	417
134	418
135	419
135	420
135	421
135	422
136	423
136	424
136	425
137	426
137	427
138	428
138	429
138	430
139	431
139	432
139	433
139	434
139	435
140	436
140	437
140	438
140	439
141	440
141	441
141	442
142	443
142	444
142	445
143	405
143	407
143	446
144	447
145	448
145	449
145	450
146	451
146	452
146	453
147	454
147	455
148	445
148	456
148	457
149	458
149	459
149	460
149	461
150	462
150	463
150	464
151	465
151	466
152	467
152	468
152	469
152	470
152	471
153	472
153	473
153	474
154	448
154	450
154	475
155	476
155	477
155	478
156	479
156	480
156	481
156	482
157	483
157	484
158	464
158	485
158	486
159	487
159	488
160	489
160	490
160	491
161	492
161	493
161	494
162	464
162	495
162	496
162	497
163	498
164	499
164	500
164	501
164	502
164	503
165	504
165	505
165	506
166	507
166	508
166	509
166	510
167	445
167	511
167	512
168	513
168	514
168	515
169	432
169	433
169	434
169	516
170	517
170	518
170	519
171	520
171	521
171	522
171	523
171	524
172	518
172	525
172	526
173	429
173	430
173	527
174	528
174	529
174	530
174	531
175	146
175	147
175	532
175	533
175	534
176	23
176	535
176	536
177	537
177	538
177	539
177	540
177	541
178	72
178	211
178	542
178	543
178	544
179	49
179	51
179	153
179	545
180	236
180	546
180	547
181	81
181	532
181	548
181	549
182	19
182	20
183	339
183	550
183	551
184	366
184	368
184	552
185	553
185	554
185	555
185	556
186	60
186	61
187	106
187	107
187	557
187	558
188	72
188	75
188	559
189	75
189	560
190	77
191	6
191	92
191	561
191	562
192	563
192	564
192	565
192	566
192	567
193	36
193	568
193	569
194	570
194	571
194	572
195	188
195	191
195	573
196	264
197	574
197	575
197	576
198	577
198	578
199	143
199	579
199	580
200	1
200	22
200	152
201	581
201	582
201	583
202	584
202	585
202	586
203	587
203	588
203	589
204	590
204	591
204	592
204	593
205	594
205	595
206	72
206	596
206	597
206	598
207	16
207	17
207	599
208	73
208	74
208	166
208	167
208	600
209	115
209	561
209	562
210	125
210	126
210	601
211	351
211	352
212	81
212	230
212	602
213	128
213	226
213	228
214	603
214	604
214	605
215	81
215	84
216	253
216	606
217	607
217	608
218	609
219	69
219	73
219	74
219	600
220	30
220	610
221	127
221	147
221	611
221	612
221	613
222	614
222	615
223	616
223	617
223	618
223	619
224	391
224	618
224	620
224	621
224	622
225	170
225	623
225	624
226	129
226	625
226	626
227	627
227	628
228	629
228	630
229	7
229	12
229	631
230	182
230	632
230	633
231	634
231	635
231	636
231	637
232	178
232	638
233	1
233	21
233	152
234	6
234	92
234	639
234	640
235	641
235	642
236	121
236	643
236	644
237	645
237	646
237	647
238	552
239	648
239	649
240	89
240	650
241	651
241	652
241	653
241	654
242	1
242	152
242	655
243	562
243	656
243	657
244	253
244	658
244	659
245	81
245	660
246	273
246	661
246	662
246	663
246	664
247	665
247	666
248	166
248	167
249	311
249	667
249	668
250	669
251	670
251	671
251	672
252	188
252	673
252	674
253	675
253	676
253	677
253	678
254	81
254	181
254	548
254	679
254	680
255	172
255	681
255	682
255	683
255	684
256	375
256	376
256	685
256	686
257	117
257	119
257	687
258	167
258	688
258	689
259	690
259	691
259	692
260	339
260	693
261	72
261	129
261	694
261	695
261	696
262	172
262	697
263	211
263	698
264	253
264	255
264	699
264	700
265	36
265	701
265	702
265	703
266	222
266	704
267	73
267	166
267	600
267	689
268	244
268	245
268	246
269	129
269	255
269	273
269	705
269	706
269	707
270	708
270	709
270	710
271	711
271	712
271	713
271	714
272	554
272	556
272	715
273	716
273	717
273	718
273	719
274	720
274	721
274	722
274	723
275	724
275	725
275	726
276	651
276	727
276	728
277	351
277	354
277	729
277	730
277	731
277	732
277	733
278	734
278	735
278	736
278	737
278	738
278	739
278	740
278	741
279	77
279	742
279	743
280	744
280	745
281	72
281	73
281	746
281	747
282	669
282	748
282	749
283	590
283	591
283	592
283	593
284	750
284	751
285	182
285	752
285	753
285	754
285	755
285	756
285	757
285	758
286	316
286	318
286	759
287	760
287	761
287	762
287	763
288	159
288	210
288	764
288	765
289	749
289	766
289	767
289	768
289	769
290	770
290	771
291	772
291	773
292	774
292	775
292	776
293	455
293	777
293	778
294	501
294	779
294	780
295	781
295	782
296	476
296	478
296	783
296	784
296	785
297	786
297	787
297	788
297	789
298	790
298	791
298	792
299	517
299	518
299	793
300	794
300	795
300	796
301	496
301	797
301	798
301	799
301	800
301	801
301	802
302	491
302	803
302	804
303	805
303	806
303	807
304	437
304	439
304	808
304	809
305	810
305	811
305	812
305	813
305	814
306	432
306	815
306	816
306	817
306	818
307	819
307	820
307	821
307	822
308	823
308	824
308	825
308	826
309	827
309	828
309	829
309	830
310	202
310	831
310	832
310	833
310	834
311	835
311	836
311	837
312	838
312	839
312	840
313	841
313	842
314	448
314	449
314	450
314	475
314	843
315	844
315	845
316	491
316	846
316	847
317	848
317	849
317	850
318	834
318	851
318	852
318	853
319	487
319	488
320	854
320	855
320	856
320	857
320	858
321	859
321	860
322	861
322	862
323	455
323	777
323	863
324	864
324	865
325	448
325	449
325	450
325	866
326	539
326	867
326	868
326	869
326	870
326	871
327	21
327	539
327	872
327	873
327	874
327	875
328	539
328	668
329	72
329	626
330	626
330	714
330	727
330	876
330	877
331	208
331	878
331	879
332	170
332	880
332	881
333	882
333	883
334	884
334	885
335	143
335	579
335	886
336	67
336	887
336	888
337	889
337	890
337	891
338	30
338	33
338	228
338	277
339	892
339	893
340	894
340	895
340	896
340	897
341	215
341	898
341	899
341	900
341	901
342	215
342	898
342	899
342	902
342	903
343	904
343	905
343	906
343	907
343	908
344	909
344	910
345	911
345	912
345	913
346	102
346	607
346	914
346	915
346	916
347	161
347	162
347	164
347	165
348	52
348	53
349	16
349	17
349	59
349	873
349	917
350	560
350	760
350	918
351	919
351	920
352	106
352	107
352	921
352	922
353	923
353	924
353	925
353	926
353	927
353	928
354	607
354	929
354	930
354	931
355	125
355	932
356	72
356	228
356	695
356	933
357	760
357	762
357	934
357	935
357	936
358	560
358	760
358	937
358	938
359	939
359	940
359	941
359	942
360	81
360	181
360	597
360	943
361	92
361	562
361	944
361	945
361	946
362	947
362	948
362	949
363	950
363	951
363	952
364	953
364	954
364	955
365	574
365	575
365	576
366	28
366	956
367	149
367	957
367	958
368	81
368	660
368	959
368	960
368	961
368	962
369	963
369	964
369	965
370	589
371	921
371	966
371	967
372	746
372	968
372	969
373	72
373	596
373	597
374	92
374	115
375	166
375	167
375	689
376	101
376	970
377	760
377	938
377	971
378	179
378	972
378	973
378	974
379	62
379	369
380	95
380	97
380	99
380	975
380	976
381	681
381	682
382	977
382	978
382	979
382	980
383	264
383	981
384	982
385	196
385	197
386	983
386	984
387	985
388	264
388	986
389	987
389	988
389	989
390	159
390	210
391	566
391	990
391	991
392	65
392	992
393	221
393	222
393	223
393	704
394	993
394	994
394	995
395	72
395	81
395	229
395	230
396	996
396	997
397	246
397	998
397	999
397	1000
398	630
398	1001
398	1002
399	1003
399	1004
399	1005
399	1006
400	81
400	82
400	83
400	84
401	81
401	84
401	143
402	1007
402	1008
402	1009
403	1010
403	1011
403	1012
404	1013
404	1014
404	1015
404	1016
405	167
405	1017
405	1018
405	1019
406	607
406	608
406	929
407	129
407	253
407	255
407	700
408	244
408	245
408	246
408	1020
409	1021
409	1022
409	1023
409	1024
410	1025
410	1026
410	1027
411	211
411	1028
411	1029
411	1030
411	1031
412	30
412	32
412	33
413	1032
413	1033
413	1034
414	1035
414	1036
414	1037
414	1038
414	1039
415	1040
415	1041
415	1042
416	391
416	392
416	394
416	1043
417	391
417	620
417	621
417	622
417	1044
418	339
418	341
418	1045
419	736
419	738
419	1046
419	1047
419	1048
420	1049
420	1050
420	1051
420	1052
420	1053
421	123
421	125
421	126
421	932
421	1054
421	1055
421	1056
422	129
422	374
423	1057
423	1058
423	1059
424	246
424	1060
424	1061
424	1062
425	311
425	312
425	623
425	667
426	1063
426	1064
426	1065
427	1066
427	1067
428	1068
428	1069
428	1070
429	626
430	304
430	1071
430	1072
430	1073
430	1074
431	165
431	1075
431	1076
431	1077
431	1078
431	1079
431	1080
432	107
432	558
432	696
432	1081
433	351
433	354
433	729
433	732
433	1082
433	1083
434	159
434	1084
435	107
435	1085
435	1086
435	1087
436	72
436	73
436	1088
437	49
438	339
439	1089
439	1090
440	1091
440	1092
440	1093
440	1094
441	417
441	418
442	525
442	1095
443	1096
443	1097
444	429
444	430
444	1098
445	429
445	1099
445	1100
445	1101
446	1102
446	1103
447	509
447	1104
447	1105
447	1106
447	1107
448	1108
448	1109
449	201
449	833
450	1110
450	1111
451	1112
451	1113
451	1114
451	1115
452	1116
452	1117
453	406
453	1118
453	1119
453	1120
453	1121
454	1122
454	1123
454	1124
455	834
455	1125
455	1126
455	1127
455	1128
456	466
456	1129
456	1130
457	1131
457	1132
457	1133
457	1134
457	1135
457	1136
458	1137
458	1138
458	1139
459	517
459	518
459	526
460	816
460	1140
460	1141
461	1142
461	1143
461	1144
461	1145
461	1146
462	448
462	843
462	1147
463	495
463	1148
464	795
464	1149
464	1150
465	866
465	1143
465	1144
465	1151
465	1152
466	1153
466	1154
466	1155
466	1156
467	1157
467	1158
467	1159
468	1160
468	1161
468	1162
468	1163
469	781
469	1164
470	517
470	518
470	1165
471	781
471	782
472	464
472	496
472	512
472	1166
472	1167
472	1168
472	1169
473	1170
473	1171
473	1172
473	1173
473	1174
474	1175
474	1176
474	1177
475	432
475	815
475	817
475	856
475	1142
475	1178
476	1179
476	1180
477	1181
477	1182
477	1183
478	507
478	510
478	1184
479	1185
479	1186
479	1187
479	1188
480	781
480	1189
481	1108
481	1109
481	1190
481	1191
482	1192
483	1193
483	1194
484	1195
484	1196
484	1197
485	1125
485	1198
485	1199
486	834
486	1125
486	1200
486	1201
487	1202
487	1203
487	1204
487	1205
487	1206
487	1207
487	1208
487	1209
487	1210
488	1108
488	1211
489	432
489	1182
489	1212
489	1213
490	1214
490	1215
490	1216
490	1217
490	1218
491	448
491	1097
491	1219
492	1220
492	1221
492	1222
492	1223
493	1145
493	1224
493	1225
494	1226
494	1227
495	445
495	1228
495	1229
496	476
496	784
496	1230
497	199
497	200
497	202
497	833
497	1231
498	1104
498	1232
499	845
499	1233
500	1234
500	1235
500	1236
500	1237
501	1238
501	1239
501	1240
501	1241
501	1242
501	1243
502	1244
502	1245
503	1246
503	1247
503	1248
503	1249
503	1250
504	1251
504	1252
504	1253
504	1254
504	1255
505	464
505	495
505	496
505	1148
505	1256
506	445
506	1257
507	1258
507	1259
507	1260
508	1104
508	1261
508	1262
509	1112
509	1263
509	1264
510	304
510	1265
510	1266
510	1267
510	1268
510	1269
510	1270
510	1271
510	1272
511	539
511	1273
512	626
512	714
512	1274
512	1275
513	178
513	180
513	181
513	1276
514	1277
514	1278
514	1279
514	1280
514	1281
515	1282
515	1283
516	555
516	1284
517	339
517	341
518	1
518	49
518	153
519	766
519	1285
519	1286
520	940
520	941
520	942
520	1287
521	147
521	1288
521	1289
521	1290
521	1291
522	624
522	1292
523	10
523	11
523	1293
523	1294
523	1295
524	532
524	549
524	1296
524	1297
525	255
525	1298
525	1299
525	1300
526	1301
526	1302
526	1303
527	692
527	1304
527	1305
527	1306
528	893
528	1307
528	1308
528	1309
529	1310
529	1311
529	1312
530	1313
530	1314
530	1315
531	1
531	1316
531	1317
531	1318
531	1319
531	1320
532	1321
533	568
533	1322
533	1323
534	919
534	920
535	53
535	1324
535	1325
536	81
536	175
536	1326
536	1327
537	1328
537	1329
537	1330
537	1331
537	1332
538	962
538	1333
538	1334
538	1335
539	68
539	77
539	766
540	577
540	760
540	1336
541	1337
541	1338
541	1339
542	1340
542	1341
542	1342
543	71
543	73
543	75
543	1343
544	246
544	280
544	1344
544	1345
544	1346
544	1347
545	1348
545	1349
546	1350
546	1351
546	1352
546	1353
546	1354
547	92
547	640
547	1355
547	1356
547	1357
547	1358
548	709
548	1359
548	1360
548	1361
548	1362
549	760
549	1363
550	30
550	32
550	1364
550	1365
550	1366
550	1367
551	133
551	136
551	1368
552	956
552	1369
553	1010
553	1370
554	143
555	23
555	1371
555	1372
555	1373
556	115
556	1374
556	1375
557	868
557	1374
557	1376
557	1377
557	1378
558	1379
559	49
559	153
559	154
560	81
560	158
560	1380
560	1381
561	454
561	1382
562	230
562	1383
562	1384
562	1385
562	1386
562	1387
563	81
563	157
563	1388
564	30
564	33
564	1389
565	73
565	74
565	968
565	969
565	1390
566	106
566	266
566	267
567	170
567	171
567	311
567	881
568	1391
569	144
569	1392
569	1393
569	1394
570	1395
570	1396
570	1397
571	1398
571	1399
572	940
572	942
572	1400
572	1401
573	62
573	63
573	64
574	81
574	84
574	1402
575	766
575	1075
576	95
576	99
576	975
576	1403
576	1404
577	1405
577	1406
578	1405
578	1406
579	209
579	1407
579	1408
579	1409
579	1410
580	560
580	1411
581	1412
581	1413
581	1414
581	1415
582	339
582	1416
583	41
583	1417
583	1418
584	30
584	32
584	1419
585	1420
585	1421
586	622
586	1422
586	1423
586	1424
587	1425
587	1426
587	1427
588	73
588	1343
588	1428
589	230
589	330
589	1429
589	1430
590	128
590	228
591	630
591	1002
592	81
592	1431
592	1432
592	1433
593	1434
593	1435
594	1436
594	1437
594	1438
594	1439
595	21
595	22
595	1019
596	244
596	245
596	246
597	221
597	222
597	223
597	224
597	704
598	1440
598	1441
599	1442
599	1443
599	1444
600	1445
600	1446
600	1447
600	1448
601	216
601	903
601	921
601	1449
602	101
602	332
602	970
603	211
603	1450
604	73
604	166
604	1451
604	1452
605	1453
605	1454
605	1455
605	1456
606	1457
606	1458
606	1459
607	1460
607	1461
607	1462
607	1463
607	1464
608	712
608	714
608	1465
608	1466
609	12
609	1467
609	1468
610	1469
610	1470
610	1471
610	1472
611	70
611	75
611	1473
611	1474
611	1475
611	1476
611	1477
612	1069
612	1478
613	181
613	620
613	622
614	211
614	1479
614	1480
614	1481
615	1482
615	1483
615	1484
616	7
616	9
616	1485
616	1486
616	1487
616	1488
617	67
617	1489
617	1490
617	1491
617	1492
618	681
618	1493
618	1494
618	1495
618	1496
618	1497
618	1498
619	1059
619	1499
619	1500
619	1501
620	919
620	1502
620	1503
620	1504
621	593
621	1505
621	1506
622	133
622	1507
622	1508
622	1509
622	1510
623	561
623	1511
623	1512
623	1513
623	1514
623	1515
624	328
624	1516
624	1517
624	1518
624	1519
625	1520
625	1521
625	1522
626	1523
626	1524
626	1525
626	1526
627	1527
627	1528
627	1529
627	1530
628	993
628	1531
628	1532
629	391
629	621
629	1533
629	1534
630	1037
630	1535
630	1536
630	1537
630	1538
631	881
631	1539
631	1540
632	1061
632	1062
632	1541
632	1542
632	1543
633	1544
633	1545
633	1546
633	1547
634	1548
634	1549
634	1550
635	81
635	174
635	1551
635	1552
635	1553
636	312
636	313
636	1554
637	606
637	1555
637	1556
637	1557
638	1558
638	1559
639	43
639	1560
639	1561
639	1562
640	81
640	1143
640	1563
640	1564
640	1565
641	1049
641	1566
641	1567
641	1568
642	30
642	225
642	344
642	345
642	346
642	348
642	350
642	1389
643	129
643	1569
643	1570
643	1571
643	1572
643	1573
643	1574
644	1575
644	1576
644	1577
645	289
645	1578
645	1579
646	618
646	1422
646	1424
646	1580
646	1581
646	1582
647	107
647	1087
647	1583
647	1584
647	1585
648	129
648	289
648	292
648	1586
649	1224
649	1587
649	1588
650	418
650	1589
650	1590
650	1591
650	1592
651	1593
651	1594
651	1595
652	1596
652	1597
653	526
653	1546
653	1598
653	1599
653	1600
653	1601
653	1602
654	1603
654	1604
654	1605
654	1606
654	1607
654	1608
655	507
655	1609
655	1610
656	791
656	1611
657	861
657	1612
657	1613
658	1227
658	1614
659	1615
659	1616
659	1617
660	1618
660	1619
660	1620
660	1621
661	1622
661	1623
661	1624
661	1625
662	1626
662	1627
662	1628
662	1629
662	1630
662	1631
663	463
663	1632
663	1633
664	834
664	1634
664	1635
664	1636
665	1112
665	1637
665	1638
665	1639
666	1181
666	1640
666	1641
667	329
667	439
667	1642
667	1643
667	1644
667	1645
667	1646
667	1647
667	1648
667	1649
667	1650
668	823
668	1651
669	517
669	1652
669	1653
669	1654
670	461
670	501
670	1655
670	1656
670	1657
670	1658
671	1608
671	1659
671	1660
672	1661
672	1662
672	1663
672	1664
672	1665
672	1666
672	1667
672	1668
673	1131
673	1132
673	1133
673	1136
674	432
674	815
674	817
674	856
674	1142
674	1178
674	1669
675	1670
675	1671
675	1672
675	1673
676	1108
676	1109
676	1144
676	1211
676	1674
676	1675
677	1676
677	1677
677	1678
677	1679
678	1608
678	1680
679	938
679	1681
679	1682
679	1683
679	1684
680	1685
680	1686
680	1687
680	1688
681	608
681	921
681	1689
681	1690
681	1691
681	1692
682	1693
682	1694
682	1695
683	1696
683	1697
683	1698
683	1699
684	1700
684	1701
685	1702
685	1703
685	1704
686	170
686	313
686	1705
686	1706
686	1707
686	1708
686	1709
686	1710
686	1711
686	1712
686	1713
686	1714
687	72
687	1715
687	1716
687	1717
688	107
688	1087
688	1583
688	1718
689	1544
689	1545
689	1546
689	1719
690	43
690	1720
690	1721
691	107
691	1722
691	1723
691	1724
691	1725
691	1726
691	1727
692	307
692	1728
692	1729
693	304
693	1072
693	1074
693	1730
693	1731
694	1732
694	1733
694	1734
694	1735
694	1736
694	1737
694	1738
694	1739
694	1740
695	81
695	82
695	84
695	158
695	175
695	1564
695	1741
695	1742
696	1743
696	1744
696	1745
696	1746
697	1747
697	1748
697	1749
697	1750
697	1751
697	1752
698	299
698	351
698	352
698	1753
699	73
699	330
699	1428
699	1430
699	1754
699	1755
699	1756
700	24
700	539
700	1757
700	1758
701	1049
701	1759
701	1760
701	1761
702	1762
702	1763
702	1764
702	1765
702	1766
702	1767
702	1768
702	1769
702	1770
703	1771
703	1772
703	1773
704	72
704	1774
704	1775
704	1776
705	184
706	130
706	1777
706	1778
706	1779
707	368
707	1780
708	1355
709	181
709	622
709	1781
710	30
710	35
710	225
711	30
711	1367
711	1389
712	1782
712	1783
712	1784
713	1785
713	1786
714	1787
714	1788
714	1789
714	1790
715	249
715	250
716	1791
716	1792
717	1793
717	1794
718	14
718	1795
718	1796
719	1366
719	1797
720	1266
720	1798
721	209
721	1484
722	576
722	1799
722	1800
723	1801
723	1802
724	43
724	1803
724	1804
724	1805
724	1806
724	1807
724	1808
725	963
725	1809
725	1810
726	72
726	249
726	1811
727	196
727	1812
727	1813
727	1814
728	676
728	1815
729	87
729	149
729	1816
729	1817
730	1818
730	1819
731	1
731	1820
731	1821
731	1822
732	129
732	1823
733	1824
733	1825
733	1826
733	1827
734	0
734	1
734	174
735	560
735	1828
736	594
736	1829
737	532
737	549
737	1830
737	1831
738	43
738	560
738	654
738	1832
738	1833
738	1834
739	1835
739	1836
739	1837
740	1838
740	1839
740	1840
740	1841
740	1842
741	962
741	1335
742	1843
742	1844
742	1845
743	1846
743	1847
744	1848
744	1849
745	80
745	120
745	121
745	122
746	196
746	197
747	709
747	1362
747	1850
747	1851
747	1852
747	1853
748	1854
748	1855
748	1856
749	539
749	1273
749	1857
750	1858
751	230
751	1859
751	1860
751	1861
751	1862
751	1863
751	1864
752	69
752	204
752	205
752	207
752	1865
752	1866
753	1469
754	259
754	1867
754	1868
755	1869
755	1870
755	1871
756	1872
756	1873
756	1874
757	167
757	1875
757	1876
758	72
758	1877
759	188
759	1878
760	71
760	73
760	75
760	1343
760	1430
760	1879
761	1744
761	1880
761	1881
761	1882
761	1883
762	139
762	140
762	141
762	1884
763	1885
763	1886
763	1887
763	1888
763	1889
764	127
764	1890
764	1891
765	714
765	1892
766	270
766	723
766	1893
766	1894
767	178
767	1781
768	659
768	1895
769	246
769	744
769	1182
769	1344
769	1896
769	1897
770	221
770	222
770	1898
771	1899
771	1900
771	1901
771	1902
771	1903
772	73
772	166
772	1904
772	1905
773	6
773	1906
774	12
774	1907
774	1908
775	1909
775	1910
775	1911
775	1912
776	391
776	621
776	1913
776	1914
777	1915
778	1916
778	1917
778	1918
778	1919
779	1920
779	1921
780	166
780	1922
780	1923
781	154
781	961
781	1924
782	1311
782	1312
782	1430
783	1925
783	1926
783	1927
783	1928
784	230
784	330
784	1929
784	1930
784	1931
785	92
785	115
785	868
785	1374
786	1932
786	1933
786	1934
787	275
787	1736
787	1738
787	1935
788	211
788	1936
789	73
789	1937
789	1938
789	1939
789	1940
790	1941
790	1942
791	1943
791	1944
792	1945
792	1946
792	1947
793	602
793	1945
793	1948
793	1949
793	1950
794	537
794	541
794	1951
795	921
795	966
795	1449
795	1952
795	1953
796	1954
796	1955
796	1956
796	1957
796	1958
797	30
797	33
797	1959
798	215
798	1960
798	1961
798	1962
798	1963
798	1964
799	1965
799	1966
800	1967
800	1968
801	1969
801	1970
801	1971
802	1972
802	1973
803	1974
803	1975
804	1976
805	1977
805	1978
806	1979
807	1980
807	1981
808	1982
808	1983
809	1984
810	1985
810	1986
810	1987
811	1988
811	1989
811	1990
812	1991
813	1992
813	1993
814	1994
814	1995
815	1996
815	1997
816	1998
816	1999
816	2000
817	1974
817	2001
818	2002
818	2003
818	2004
818	2005
818	2006
818	2007
819	2008
819	2009
820	2010
820	2011
821	2012
821	2013
821	2014
822	2015
822	2016
822	2017
823	2018
823	2019
824	2020
824	2021
825	2022
825	2023
826	1979
827	2024
828	2025
828	2026
828	2027
829	2028
829	2029
829	2030
830	1512
830	2031
830	2032
831	2033
832	2034
832	2035
832	2036
833	1975
833	2037
833	2038
834	2039
835	2040
835	2041
836	2042
836	2043
837	2044
838	2045
838	2046
839	1990
839	2047
840	2048
840	2049
840	2050
840	2051
840	2052
841	2053
841	2054
842	2055
843	2056
843	2057
844	2056
844	2057
844	2058
844	2059
845	2060
845	2061
845	2062
846	2063
846	2064
847	2065
847	2066
848	585
848	2067
848	2068
849	2069
849	2070
850	2071
850	2072
850	2073
851	2074
851	2075
852	2076
852	2077
853	2066
853	2078
854	2079
855	2080
855	2081
856	2082
856	2083
857	2084
857	2085
858	1979
858	2086
858	2087
859	2088
859	2089
859	2090
860	2005
861	1967
861	2091
861	2092
862	2005
862	2093
862	2094
862	2095
863	2032
864	584
864	2096
865	1979
865	1993
866	2097
866	2098
867	585
867	2099
867	2100
867	2101
868	1512
868	2005
868	2032
869	2102
869	2103
869	2104
870	2105
871	1985
871	2106
872	2107
872	2108
873	1974
873	2109
874	2060
874	2110
875	2111
876	1973
876	1981
876	2015
876	2112
877	2113
877	2114
878	2041
878	2115
879	2046
879	2116
880	1512
880	2117
880	2118
881	2100
881	2119
882	2108
882	2120
882	2121
882	2122
882	2123
882	2124
883	2125
884	2126
884	2127
884	2128
885	2129
885	2130
886	2078
886	2131
887	2066
887	2132
887	2133
888	2134
888	2135
889	2136
889	2137
890	2138
890	2139
890	2140
891	2141
891	2142
892	2098
892	2128
892	2143
893	2065
893	2066
893	2144
894	2145
894	2146
894	2147
894	2148
894	2149
895	2150
895	2151
895	2152
896	585
896	2015
896	2153
896	2154
897	2039
897	2155
897	2156
897	2157
898	2064
898	2158
898	2159
898	2160
899	1974
899	2109
900	1993
900	2161
901	2032
902	2162
903	2163
903	2164
904	2028
904	2165
905	584
905	2166
905	2167
906	2039
907	2168
907	2169
907	2170
908	2030
909	2032
909	2067
909	2117
910	1975
910	2171
910	2172
911	584
911	2173
911	2174
911	2175
911	2176
912	81
912	2177
913	2022
913	2178
914	2069
914	2179
915	2180
915	2181
916	2158
916	2182
916	2183
916	2184
917	2185
917	2186
917	2187
918	2011
918	2065
918	2066
918	2188
918	2189
919	2111
919	2190
920	2107
920	2108
921	2191
921	2192
922	2193
922	2194
923	2064
923	2195
923	2196
923	2197
924	584
924	1974
924	2101
925	2198
925	2199
926	2200
926	2201
926	2202
926	2203
927	2204
927	2205
928	2168
928	2206
929	72
929	2207
929	2208
929	2209
930	2210
930	2211
930	2212
930	2213
931	2001
931	2015
931	2214
931	2215
931	2216
932	2101
932	2217
933	2153
933	2206
933	2218
934	2219
934	2220
934	2221
935	1512
935	2111
935	2222
936	2135
936	2218
936	2223
937	147
937	2224
937	2225
938	2064
938	2170
939	2125
939	2226
939	2227
940	117
940	2228
940	2229
941	2129
941	2130
942	2230
942	2231
943	2232
943	2233
943	2234
944	2235
945	2236
945	2237
946	2020
946	2098
946	2128
946	2238
946	2239
947	2240
948	2241
949	2163
950	2242
950	2243
951	2031
951	2244
951	2245
951	2246
952	2247
953	2246
953	2248
954	2145
954	2146
954	2147
954	2148
954	2249
954	2250
955	2251
955	2252
956	2253
956	2254
956	2255
956	2256
956	2257
957	2258
958	2032
958	2117
958	2141
958	2259
958	2260
959	2191
959	2192
960	110
960	2261
960	2262
960	2263
961	2264
961	2265
961	2266
962	2020
962	2267
962	2268
963	1993
963	2269
964	2270
964	2271
965	2111
965	2272
966	147
966	2224
966	2225
966	2273
967	2107
967	2122
967	2274
967	2275
967	2276
968	117
968	2065
968	2277
969	2278
969	2279
969	2280
969	2281
970	2193
970	2201
970	2282
971	2283
972	1974
972	2176
972	2284
973	584
973	1974
973	2101
973	2173
973	2175
973	2176
973	2285
973	2286
973	2287
973	2288
973	2289
973	2290
974	584
974	2289
975	2046
975	2291
976	2292
976	2293
976	2294
977	585
977	2259
978	2295
979	2296
979	2297
980	73
980	2298
980	2299
980	2300
980	2301
981	2122
981	2126
981	2228
981	2229
981	2302
981	2303
982	2141
982	2304
983	2305
983	2306
984	2307
984	2308
985	2309
986	2278
986	2280
987	2310
987	2311
988	546
988	2312
988	2313
989	72
989	249
989	2314
990	2176
990	2241
990	2315
990	2316
991	2317
991	2318
992	1993
992	2319
993	2078
993	2320
994	2218
994	2321
994	2322
994	2323
995	2098
995	2324
995	2325
996	2326
997	2327
997	2328
997	2329
998	867
998	2330
998	2331
999	2109
999	2332
999	2333
1000	2267
1000	2325
1001	2108
1001	2334
1002	2122
1002	2229
1002	2328
1002	2335
1003	2066
1003	2336
1004	964
1004	2337
1004	2338
1005	2339
1006	2207
1006	2208
1007	2340
1007	2341
1007	2342
1008	404
1008	2343
1008	2344
1008	2345
1008	2346
1008	2347
1008	2348
1008	2349
1008	2350
1009	2012
1009	2351
1009	2352
1010	2353
1010	2354
1010	2355
1010	2356
1011	1974
1011	2287
1011	2290
1012	2193
1012	2282
1012	2321
1013	2101
1013	2170
1014	2357
1014	2358
1014	2359
1014	2360
1015	2105
1015	2153
1015	2337
1015	2361
1015	2362
1016	2068
1016	2363
1016	2364
1016	2365
1016	2366
1017	2367
1017	2368
1018	2369
1018	2370
1018	2371
1018	2372
1018	2373
1018	2374
1019	2112
1019	2174
1019	2253
1019	2375
1019	2376
1019	2377
1019	2378
1019	2379
1019	2380
1020	147
1020	532
1020	2381
1020	2382
1020	2383
1021	2028
1021	2384
1022	2229
1022	2385
1023	1512
1023	1760
1023	2386
1023	2387
1024	2270
1024	2388
1024	2389
1025	2176
1025	2241
1025	2316
1026	2361
1026	2390
1027	2061
1027	2170
1027	2391
1027	2392
1027	2393
1028	2394
1028	2395
1028	2396
1029	81
1029	869
1029	2032
1030	2397
1030	2398
1030	2399
1031	2400
1031	2401
1032	2168
1032	2385
1033	2105
1033	2153
1033	2402
1033	2403
1033	2404
1034	2151
1034	2405
1034	2406
1035	2407
1035	2408
1036	2141
1036	2409
1036	2410
1037	2030
1037	2411
1037	2412
1037	2413
1037	2414
1038	585
1038	2415
1038	2416
1038	2417
1038	2418
1038	2419
1038	2420
1038	2421
1039	2422
1039	2423
1040	2424
1040	2425
1040	2426
1041	2087
1041	2268
1041	2427
1041	2428
1041	2429
1041	2430
1042	2371
1042	2372
1042	2431
1043	2020
1043	2168
1043	2432
1043	2433
1043	2434
1043	2435
1044	147
1044	2382
1045	117
1045	2252
1045	2436
1045	2437
1045	2438
1046	73
1046	2439
1046	2440
1046	2441
1047	2442
1047	2443
1048	2444
1048	2445
1049	2188
1049	2446
1049	2447
1050	147
1050	532
1050	2382
1051	147
1051	385
1052	2113
1052	2448
1052	2449
1053	2193
1053	2194
1053	2450
1053	2451
1054	2452
1054	2453
1054	2454
1055	2270
1055	2388
1056	2101
1056	2455
1056	2456
1056	2457
1057	2201
1057	2395
1057	2458
1058	2459
1058	2460
1059	1762
1059	2461
1060	1512
1060	2462
1060	2463
1061	2325
1061	2464
1062	2465
1062	2466
1062	2467
1062	2468
1063	371
1063	2218
1063	2469
1063	2470
1064	1762
1064	2340
1064	2471
1065	2125
1065	2472
1066	2011
1066	2065
1066	2473
1066	2474
1067	2328
1067	2475
1068	2064
1068	2169
1068	2476
1068	2477
1068	2478
1068	2479
1068	2480
1068	2481
1069	178
1070	2482
1070	2483
1070	2484
1070	2485
1070	2486
1071	73
1071	2369
1071	2374
1071	2487
1071	2488
1072	2148
1072	2249
1072	2250
1073	2310
1073	2316
1073	2319
1074	147
1074	177
1074	2489
1074	2490
1075	2107
1075	2491
1076	2141
1076	2492
1076	2493
1076	2494
1077	867
1077	2237
1077	2495
1078	73
1078	2439
1078	2440
1078	2441
1079	2340
1079	2471
1080	2496
1080	2497
1080	2498
1081	1993
1081	2499
1082	2500
1083	2016
1083	2501
1083	2502
1084	2325
1084	2395
1084	2464
1085	2170
1085	2190
1086	2503
1086	2504
1086	2505
1086	2506
1087	2020
1087	2507
1088	2465
1088	2467
1089	585
1089	2421
1090	2270
1090	2388
1091	2020
1091	2435
1091	2508
1092	2188
1092	2446
1092	2509
1093	2381
1094	2020
1094	2100
1094	2508
1094	2510
1095	2511
1095	2512
1096	2513
1096	2514
1096	2515
1097	2516
1098	2126
1098	2517
1098	2518
1098	2519
1099	2520
1099	2521
1099	2522
1100	2078
1100	2523
1100	2524
1100	2525
1100	2526
1101	2027
1101	2527
1101	2528
1102	2529
1102	2530
1102	2531
1102	2532
1102	2533
1102	2534
1102	2535
1103	73
1103	2440
1103	2441
1103	2536
1104	2430
1104	2465
1104	2467
1104	2537
1104	2538
1104	2539
1104	2540
1104	2541
1104	2542
1104	2543
1104	2544
1104	2545
1105	2270
1105	2388
1105	2546
1106	476
1106	509
1106	2060
1106	2547
1107	2410
1107	2548
1107	2549
1107	2550
1107	2551
1107	2552
1108	2107
1109	2020
1109	2434
1109	2435
1109	2553
1110	2188
1110	2554
1110	2555
1110	2556
1111	72
1111	626
1112	2015
1112	2284
1112	2557
1112	2558
1112	2559
1113	2016
1113	2021
1113	2421
1113	2557
1114	376
1114	2560
1114	2561
1114	2562
1115	869
1115	2563
1116	2554
1116	2555
1116	2564
1116	2565
1117	2168
1117	2566
1118	1512
1118	2378
1119	2567
1119	2568
1119	2569
1120	214
1120	2020
1120	2570
1121	584
1121	2571
1121	2572
1121	2573
1122	1027
1122	2207
1122	2574
1122	2575
1122	2576
1122	2577
1123	2578
1123	2579
1124	2402
1124	2580
1125	2015
1125	2557
1125	2581
1125	2582
1126	2583
1126	2584
1127	2307
1127	2308
1127	2585
1127	2586
1128	1975
1128	2587
1128	2588
1128	2589
1129	2225
1129	2590
1129	2591
1130	2462
1130	2592
1131	2593
1131	2594
1131	2595
1131	2596
1131	2597
1131	2598
1132	73
1132	129
1132	253
1132	2599
1133	2440
1133	2600
1133	2601
1134	72
1134	626
1135	2602
1135	2603
1136	208
1136	2267
1136	2604
1137	147
1137	177
1137	534
1137	2489
1138	2504
1138	2605
1138	2606
1139	494
1139	2328
1139	2402
1139	2405
1139	2406
1139	2607
1140	2043
1140	2608
1140	2609
1141	2188
1141	2610
1141	2611
1142	2188
1142	2612
1142	2613
1143	2032
1143	2172
1143	2614
1143	2615
1144	156
1144	2461
1144	2616
1145	6
1145	868
1145	2617
1146	710
1146	2618
1146	2619
1146	2620
1147	2168
1147	2481
1147	2621
1148	2622
1148	2623
1149	2189
1149	2624
1150	241
1150	2625
1150	2626
1150	2627
1151	2201
1151	2628
1151	2629
1151	2630
1152	2113
1152	2631
1152	2632
1153	676
1153	677
1154	2112
1154	2377
1154	2633
1154	2634
1155	2113
1155	2635
1155	2636
1155	2637
1155	2638
1156	2639
1156	2640
1157	241
1157	2625
1157	2641
1158	2283
1158	2642
1159	36
1159	2643
1159	2644
1160	2328
1160	2645
1161	2646
1162	2647
1162	2648
1163	496
1163	2649
1163	2650
1163	2651
1164	2652
1164	2653
1165	509
1165	2654
1165	2655
1165	2656
1166	1107
1166	2657
1167	789
1167	2658
1167	2659
1167	2660
1168	2661
1168	2662
1168	2663
1168	2664
1169	1111
1169	2665
1169	2666
1169	2667
1169	2668
1170	1102
1170	2669
1171	2066
1171	2188
1171	2670
1171	2671
1172	476
1172	482
1172	2672
1172	2673
1172	2674
1173	1239
1173	2657
1173	2675
1173	2676
1173	2677
1174	1243
1174	2678
1175	2679
1175	2680
1176	2681
1176	2682
1177	2683
1178	420
1178	2684
1179	2685
1179	2686
1179	2687
1180	2688
1180	2689
1180	2690
1181	476
1181	2676
1181	2691
1181	2692
1182	2675
1182	2693
1183	423
1183	2692
1184	2101
1184	2694
1185	784
1185	2170
1185	2695
1185	2696
1186	2188
1186	2613
1186	2697
1186	2698
1187	2141
1187	2699
1187	2700
1187	2701
1187	2702
1187	2703
1188	2704
1189	2101
1189	2610
1189	2705
1189	2706
1190	156
1190	2461
1190	2616
1190	2707
1191	2511
1191	2512
1191	2708
1192	2109
1192	2421
1192	2493
1192	2627
1192	2694
1192	2709
1193	2189
1193	2341
1193	2510
1193	2710
1194	2101
1194	2190
1194	2711
1194	2712
1195	2325
1195	2713
1196	954
1196	2714
1196	2715
1196	2716
1197	2613
1197	2717
1198	2718
1198	2719
1198	2720
1198	2721
1199	2447
1199	2617
1199	2722
1199	2723
1200	626
1201	2461
1201	2613
1202	2184
1202	2191
1202	2192
1202	2724
1202	2725
1202	2726
1203	873
1203	2112
1203	2253
1203	2727
1204	2728
1204	2729
1204	2730
1205	2731
1206	2015
1206	2016
1206	2101
1206	2191
1206	2732
1206	2733
1206	2734
1207	2015
1207	2016
1207	2191
1207	2732
1207	2733
1207	2734
1207	2735
1207	2736
1208	2533
1208	2737
1208	2738
1209	2698
1209	2739
1209	2740
1210	73
1210	129
1210	253
1210	714
1210	2599
1211	2440
1211	2741
1212	2742
1213	1104
1213	1119
1213	1261
1214	2361
1214	2743
1215	2744
1215	2745
1216	1317
1216	2746
1216	2747
1216	2748
1217	1656
1217	2749
1217	2750
1218	1238
1218	2672
1218	2676
1218	2751
1218	2752
1219	1112
1219	2675
1219	2753
1220	1124
1220	2754
1221	508
1221	509
1221	2676
1221	2677
1221	2755
1222	1104
1222	1119
1222	2756
1223	1255
1223	2676
1223	2757
1223	2758
1223	2759
1224	2760
1224	2761
1224	2762
1224	2763
1224	2764
1225	2652
1225	2676
1226	2765
1226	2766
1226	2767
1226	2768
1227	432
1227	2769
1227	2770
1228	1255
1228	2060
1228	2681
1228	2771
1229	420
1229	2743
1229	2772
1229	2773
1229	2774
1230	2775
1230	2776
1230	2777
1231	2778
1231	2779
1231	2780
1232	1222
1232	2781
1233	2782
1234	1118
1234	2676
1234	2783
1234	2784
1235	2681
1235	2785
1236	2786
1236	2787
1236	2788
1237	2789
1237	2790
1237	2791
1237	2792
1238	2493
1238	2793
1238	2794
1238	2795
1239	2481
1239	2796
1240	753
1240	2698
1240	2797
1241	2798
1241	2799
1241	2800
1242	72
1242	75
1242	696
1242	2801
1243	2498
1243	2802
1243	2803
1244	2804
1244	2805
1244	2806
1245	954
1246	2101
1246	2807
1247	2133
1247	2188
1247	2613
1248	2201
1248	2237
1248	2808
1248	2809
1248	2810
1249	1
1249	2377
1249	2811
1250	2634
1250	2812
1250	2813
1251	2020
1251	2814
1252	2687
1252	2815
1252	2816
1252	2817
1253	2818
1254	2206
1254	2504
1255	2610
1255	2819
1255	2820
1256	1777
1256	2798
1256	2821
1257	147
1257	534
1257	2822
1257	2823
1257	2824
1258	2497
1258	2498
1259	2101
1259	2325
1259	2705
1260	2165
1260	2825
1260	2826
1260	2827
1261	2333
1261	2828
1261	2829
1261	2830
1261	2831
1262	2832
1262	2833
1262	2834
1262	2835
1263	2791
1263	2792
1263	2836
1263	2837
1264	2838
1264	2839
1264	2840
1265	2841
1265	2842
1266	2843
1267	420
1267	422
1267	2844
1268	2845
1269	2361
1269	2846
1269	2847
1270	445
1270	2848
1271	2849
1271	2850
1271	2851
1271	2852
1272	2853
1272	2854
1272	2855
1273	1119
1273	1261
1273	2756
1274	1255
1274	2681
1274	2856
1275	1544
1275	2681
1275	2785
1276	406
1276	496
1276	1118
1276	2676
1277	2356
1277	2857
1278	2858
1278	2859
1278	2860
1279	2775
1279	2861
1279	2862
1279	2863
1279	2864
1279	2865
1279	2866
1280	2867
1280	2868
1280	2869
1281	2681
1281	2682
1281	2870
1281	2871
1282	2872
1282	2873
1282	2874
1283	2875
1283	2876
1284	834
1284	1126
1284	2877
1284	2878
1285	2879
1285	2880
1285	2881
1285	2882
1286	2883
1286	2884
1286	2885
1287	781
1287	2886
1288	1118
1288	2887
1288	2888
1288	2889
1289	2652
1289	2890
1290	2888
1290	2891
1290	2892
1291	2784
1291	2893
1292	508
1292	509
1292	2894
1292	2895
1292	2896
1293	2060
1293	2771
1293	2871
1293	2897
1294	1107
1294	1239
1294	2672
1294	2676
1294	2898
1294	2899
1295	2900
1295	2901
1295	2902
1295	2903
1296	1239
1296	2676
1296	2783
1296	2904
1296	2905
1297	2759
1297	2906
1297	2907
1297	2908
1298	482
1298	2909
1298	2910
1298	2911
1299	2656
1299	2912
1299	2913
1299	2914
1299	2915
1299	2916
1300	464
1300	507
1300	2771
1300	2871
1300	2917
1301	2060
1301	2918
1301	2919
1301	2920
1302	2921
1302	2922
1302	2923
1302	2924
1302	2925
1303	496
1303	798
1303	1118
1303	2926
1303	2927
1304	508
1304	509
1304	1105
1304	2894
1304	2895
1305	2656
1305	2894
1305	2928
1305	2929
1306	479
1306	480
1306	481
1306	482
1306	510
1307	423
1307	424
1307	2930
1308	1242
1308	2843
1308	2931
1309	2932
1309	2933
1309	2934
1309	2935
1309	2936
1309	2937
1310	2646
1310	2938
1311	1179
1311	1203
1311	2939
1312	1642
1312	2940
1312	2941
1312	2942
1313	2744
1313	2745
1313	2771
1313	2894
1313	2943
1314	2764
1314	2944
1314	2945
1315	1546
1315	2361
1315	2895
1315	2946
1316	2681
1316	2785
1316	2947
1316	2948
1317	2949
1317	2950
1317	2951
1318	2952
1319	2775
1319	2862
1319	2953
1320	2649
1320	2954
1320	2955
1320	2956
1320	2957
1321	2903
1321	2958
1321	2959
1322	329
1322	439
1322	2960
1322	2961
1322	2962
1322	2963
1323	2964
1323	2965
1324	476
1324	1239
1324	2672
1324	2676
1324	2966
1324	2967
1325	509
1325	2968
1325	2969
1326	1102
1326	2970
1327	2971
1327	2972
1328	2361
1328	2845
1329	1243
1329	2672
1329	2675
1329	2676
1329	2973
1329	2974
1329	2975
1330	476
1330	2976
1330	2977
1331	1149
1331	1243
1331	2672
1331	2978
1332	2979
1332	2980
1333	2848
1334	1239
1334	2672
1334	2676
1334	2981
1334	2982
1334	2983
1334	2984
1334	2985
1335	2964
1335	2986
1335	2987
1336	1239
1336	2170
1336	2676
1336	2875
1336	2904
1336	2988
1337	1242
1337	2843
1337	2931
1337	2989
1338	2990
1338	2991
1338	2992
1338	2993
1339	480
1339	482
1340	287
1340	2782
1340	2994
1341	2891
1341	2995
1341	2996
1341	2997
1342	217
1342	2761
1342	2998
1343	2867
1343	2950
1343	2999
1343	3000
1344	2967
1344	3001
1344	3002
1345	3003
1345	3004
1346	2764
1346	2944
1346	2945
1347	1122
1347	1142
1347	1143
1348	1104
1348	1261
1348	3005
1349	1112
1349	3006
1349	3007
1349	3008
1350	3009
1350	3010
1350	3011
1350	3012
1350	3013
1350	3014
1351	3015
1351	3016
1351	3017
1351	3018
1351	3019
1351	3020
1352	585
1352	2170
1352	2621
1352	2672
1353	2657
1353	3021
1354	1239
1354	2676
1354	3022
1355	2032
1355	2172
1355	2615
1355	3023
1355	3024
1356	2626
1356	3025
1357	2384
1357	3026
1358	3027
1358	3028
1358	3029
1359	3030
1360	584
1360	2101
1360	3031
1360	3032
1361	2043
1361	3033
1362	544
1362	3034
1362	3035
1362	3036
1363	1603
1363	3037
1363	3038
1364	2717
1364	3039
1365	2698
1365	3040
1366	603
1366	604
1367	208
1367	750
1367	2267
1367	3041
1368	3042
1368	3043
1368	3044
1369	710
1369	2620
1369	3045
1369	3046
1369	3047
1370	2122
1370	3048
1370	3049
1370	3050
1371	2107
1371	3051
1371	3052
1372	2533
1372	3053
1372	3054
1373	357
1373	1533
1373	2471
1373	2576
1373	3055
1373	3056
1374	73
1374	88
1374	600
1374	3057
1375	115
1375	1512
1375	3058
1376	2588
1376	3059
1376	3060
1377	3061
1377	3062
1377	3063
1377	3064
1377	3065
1377	3066
1377	3067
1378	2511
1378	3068
1378	3069
1378	3070
1379	2019
1379	3071
1379	3072
1380	2704
1380	3073
1380	3074
1380	3075
1380	3076
1380	3077
1381	532
1381	533
1381	534
1381	1289
1381	3078
1381	3079
1382	2579
1382	3080
1382	3081
1382	3082
1383	1967
1383	3083
1383	3084
1384	3068
1384	3069
1384	3085
1385	585
1385	2126
1385	3086
1385	3087
1385	3088
1386	2176
1386	2734
1386	3089
1387	2623
1387	3090
1387	3091
1388	1826
1388	2172
1388	3092
1388	3093
1389	784
1389	3094
1389	3095
1390	2464
1390	3096
1390	3097
1391	867
1391	2617
1391	3098
1392	3099
1392	3100
1393	2343
1393	2606
1393	3101
1393	3102
1393	3103
1393	3104
1393	3105
1394	3106
1394	3107
1394	3108
1394	3109
1394	3110
1395	3111
1395	3112
1395	3113
1395	3114
1395	3115
1395	3116
1396	3117
1396	3118
1396	3119
1397	2815
1397	3120
1397	3121
1398	2582
1398	3122
1398	3123
1398	3124
1399	3125
1399	3126
1400	2190
1400	2386
1400	3127
1400	3128
1400	3129
1401	3130
1401	3131
1401	3132
1402	2493
1402	2793
1402	2794
1402	2795
1402	3133
1402	3134
1402	3135
1403	1722
1403	2511
1403	3136
1404	3056
1404	3137
1405	2838
1405	2840
1405	2897
1405	2976
1405	3138
1406	1239
1406	2676
1406	3139
1407	2675
1407	2692
1407	3140
1408	1544
1408	1546
1408	2646
1408	3141
1408	3142
1408	3143
1409	1104
1409	1119
1409	3144
1409	3145
1409	3146
1410	1107
1410	1252
1410	1253
1410	1255
1411	1104
1411	1119
1411	3144
1411	3145
1412	3147
1412	3148
1412	3149
1413	406
1413	496
1413	1118
1413	2913
1413	2927
1413	3150
1414	3151
1414	3152
1415	3153
1416	2843
1416	3151
1416	3154
1416	3155
1417	2672
1417	2676
1417	3156
1418	1104
1418	3005
1419	2897
1419	3157
1420	3158
1420	3159
1421	2744
1421	2745
1421	2887
1421	3160
1421	3161
1422	3162
1422	3163
1422	3164
1422	3165
1423	2918
1423	2919
1423	3166
1424	200
1424	201
1424	3167
1424	3168
1425	1112
1425	1153
1425	1154
1425	1638
1425	3169
1425	3170
1426	1656
1426	2750
1426	3171
1426	3172
1427	2461
1427	3173
1427	3174
1427	3175
1428	1203
1428	3176
1428	3177
1428	3178
1429	2976
1429	3179
1430	476
1430	2673
1430	2676
1430	2966
1430	3180
1431	1317
1431	2681
1431	3181
1431	3182
1431	3183
1432	2681
1432	3181
1432	3184
1433	2867
1433	2950
1433	3185
1433	3186
1433	3187
1434	2346
1434	2975
1434	3188
1434	3189
1434	3190
1435	2672
1435	2967
1435	2975
1435	3191
1435	3192
1436	2771
1436	2871
1436	3193
1436	3194
1436	3195
1437	1613
1438	3196
1438	3197
1438	3198
1438	3199
1439	2655
1439	3200
1439	3201
1440	1122
1440	1123
1440	1236
1441	2848
1441	3202
1441	3203
1441	3204
1442	2126
1442	3205
1443	2032
1443	3084
1443	3206
1443	3207
1443	3208
1443	3209
1443	3210
1444	2698
1444	3211
1444	3212
1444	3213
1444	3214
1445	2567
1445	3215
1446	2446
1446	3216
1447	142
1447	1512
1447	3217
1447	3218
1448	696
1448	2471
1448	2820
1448	3056
1448	3219
1449	2789
1449	3092
1449	3220
1449	3221
1450	2101
1450	3222
1451	2190
1451	2421
1451	2546
1451	3122
1451	3223
1452	2493
1452	2698
1452	3224
1452	3225
1452	3226
1453	3227
1453	3228
1453	3229
1453	3230
1454	3231
1454	3232
1454	3233
1454	3234
1454	3235
1454	3236
1455	3027
1455	3028
1456	2613
1456	3042
1457	207
1457	3237
1458	2528
1458	2827
1458	3238
1458	3239
1459	867
1459	2617
1459	3240
1459	3241
1459	3242
1460	2021
1460	3243
1460	3244
1460	3245
1461	867
1461	3246
1462	2107
1462	2108
1462	3247
1463	88
1463	2325
1463	2705
1463	3248
1464	12
1464	2634
1464	3249
1465	1981
1465	2472
1465	2582
1465	3250
1466	3251
1466	3252
1466	3253
1466	3254
1467	3038
1467	3255
1467	3256
1467	3257
1468	3258
1468	3259
1469	73
1469	2620
1469	3045
1470	2623
1470	3260
1470	3261
1471	92
1471	1788
1471	3262
1472	2328
1472	3263
1472	3264
1472	3265
1472	3266
1473	603
1473	604
1474	3211
1474	3267
1474	3268
1475	222
1475	2697
1475	3269
1475	3270
1476	2499
1476	3271
1477	2237
1477	3272
1477	3273
1478	2192
1478	2696
1478	3274
1478	3275
1478	3276
1478	3277
1478	3278
1479	2826
1479	3279
1480	2189
1480	2624
1481	2101
1481	3097
1481	3280
1482	3281
1482	3282
1483	1843
1483	1844
1483	3283
1483	3284
1483	3285
1484	3286
1484	3287
1484	3288
1485	3289
1485	3290
1485	3291
1485	3292
1485	3293
1486	3294
1486	3295
1486	3296
1487	2283
1487	2642
1487	3297
1487	3298
1488	1040
1488	1041
1488	1042
1488	3299
1488	3300
1488	3301
1488	3302
1488	3303
1488	3304
1489	3255
1489	3305
1489	3306
1489	3307
1489	3308
1489	3309
1489	3310
1489	3311
1490	1040
1490	1041
1490	1042
1490	3300
1490	3301
1490	3302
1490	3304
1491	2015
1491	3136
1491	3223
1491	3312
1492	3313
1492	3314
1492	3315
1492	3316
1492	3317
1493	2704
1493	3073
1493	3074
1493	3318
1493	3319
1494	2676
1494	2775
1494	3320
1494	3321
1494	3322
1494	3323
1495	405
1495	407
1495	2913
1495	2914
1495	3007
1495	3324
1496	1544
1496	1546
1496	2374
1496	2646
1496	3141
1496	3143
1496	3325
1496	3326
1497	3327
1497	3328
1497	3329
1497	3330
1497	3331
1498	3332
1498	3333
1498	3334
1498	3335
1499	2760
1499	3336
1499	3337
1499	3338
1499	3339
1499	3340
1500	2851
1500	3341
1500	3342
1501	2950
1501	2999
1501	3186
1501	3187
1501	3343
1501	3344
1501	3345
1501	3346
1501	3347
1501	3348
1501	3349
1501	3350
1502	427
1502	3351
1502	3352
1503	2891
1503	2995
1503	2996
1503	2997
1504	453
1504	3353
1505	3354
1505	3355
1505	3356
1506	2744
1506	3160
1506	3161
1506	3357
1506	3358
1507	2676
1507	2846
1507	2967
1507	2973
1507	3359
1508	1112
1508	3170
1508	3360
1508	3361
1509	2672
1509	2676
1509	3139
1509	3359
1509	3362
1509	3363
1509	3364
1510	2657
1510	3365
1511	2657
1511	3021
1512	856
1512	3366
1512	3367
1512	3368
1513	496
1513	2871
1513	2913
1513	3150
1513	3369
1513	3370
1514	1261
1514	2672
1514	2676
1514	2967
1514	2975
1514	3371
1515	3372
1515	3373
1515	3374
1516	2657
1516	3021
1516	3375
1517	2657
1517	2871
1517	3376
1517	3377
1517	3378
1518	1179
1518	1203
1518	2894
1518	3379
1518	3380
1518	3381
1519	3185
1519	3382
1519	3383
1519	3384
1519	3385
1519	3386
1520	329
1520	3387
1520	3388
1521	3151
1521	3154
1521	3155
1521	3389
1521	3390
1522	2646
1522	2875
1522	2938
1522	3152
1522	3391
1523	2903
1523	2958
1523	3392
1523	3393
1524	3394
1525	1125
1525	1198
1525	1199
1526	509
1526	1104
1526	1106
1526	1107
1527	1112
1527	3170
1527	3395
1528	476
1528	3396
1529	3397
1530	954
1530	3090
1530	3398
1530	3399
1531	2022
1531	3400
1531	3401
1532	2447
1532	2617
1532	3402
1533	73
1533	600
1533	3403
1534	115
1534	1375
1535	2588
1535	3404
1535	3405
1535	3406
1536	2188
1536	3407
1536	3408
1537	272
1537	273
1537	3409
1538	81
1538	532
1538	549
1539	385
1539	386
1539	3410
1539	3411
1540	1788
1540	2617
1540	3092
1540	3412
1541	2506
1541	2528
1541	3413
1541	3414
1541	3415
1542	1843
1542	2172
1542	2615
1542	3416
1543	2498
1543	3417
1544	3418
1544	3419
1545	3070
1545	3420
1545	3421
1545	3422
1546	2510
1546	3423
1546	3424
1547	868
1547	3036
1547	3425
1547	3426
1547	3427
1548	554
1548	556
1548	3428
1549	2188
1549	3429
1549	3430
1550	339
1550	2615
1550	3092
1550	3431
1551	3432
1551	3433
1551	3434
1552	2617
1552	3099
1552	3435
1553	3259
1553	3436
1553	3437
1554	133
1554	134
1554	136
1554	696
1555	2499
1555	3438
1556	3439
1556	3440
1556	3441
1557	3442
1557	3443
1557	3444
1557	3445
1558	129
1558	132
1558	374
1558	3446
1559	222
1559	704
1559	2190
1559	3447
1559	3448
1559	3449
1560	2099
1560	3450
1560	3451
1561	3452
1561	3453
1561	3454
1562	784
1562	3455
1563	88
1563	600
1563	2325
1563	3057
1564	3034
1564	3456
1564	3457
1565	2176
1565	2625
1565	3458
1566	2625
1566	3248
1566	3459
1567	372
1567	902
1567	3460
1567	3461
1567	3462
1568	2713
1568	3463
1569	2032
1569	3084
1569	3464
1570	2546
1570	3223
1570	3465
1570	3466
1571	3312
1571	3467
1571	3468
1571	3469
1572	2227
1572	3470
1572	3471
1572	3472
1572	3473
1572	3474
1573	1
1573	152
1573	2481
1573	3475
1573	3476
1574	72
1574	3065
1574	3477
1574	3478
1574	3479
1575	2832
1575	2833
1575	2835
1575	3480
1576	3481
1576	3482
1576	3483
1576	3484
1576	3485
1576	3486
1576	3487
1576	3488
1576	3489
1576	3490
1576	3491
1577	2332
1577	2736
1577	2828
1577	3127
1577	3468
1578	2617
1578	3435
1579	2798
1579	3492
1579	3493
1579	3494
1579	3495
1579	3496
1580	3111
1580	3112
1580	3113
1580	3116
1580	3497
1581	376
1581	3498
1581	3499
1581	3500
1582	129
1582	374
1583	2421
1583	3099
1583	3312
1583	3501
1583	3502
1583	3503
1583	3504
1584	372
1584	902
1584	2113
1584	3461
1584	3462
1584	3505
1585	117
1585	119
1585	687
1585	3506
1585	3507
1585	3508
1586	1967
1586	3509
1586	3510
1587	3102
1587	3104
1587	3511
1588	1621
1588	3512
1588	3513
1589	3514
1589	3515
1589	3516
1590	2720
1590	3038
1590	3256
1590	3517
1590	3518
1591	2504
1591	3227
1591	3519
1591	3520
1591	3521
1591	3522
1591	3523
1591	3524
1591	3525
1591	3526
1592	3085
1592	3209
1592	3527
1592	3528
1593	2237
1593	3529
1594	73
1594	74
1594	1088
1594	1343
1594	1451
1594	3403
1594	3530
1595	3112
1595	3531
1596	2499
1596	3532
1597	1788
1597	2615
1597	3533
1597	3534
1598	696
1598	3535
1598	3536
1598	3537
1599	3538
1599	3539
1599	3540
1599	3541
1599	3542
1600	2020
1600	3543
1600	3544
1600	3545
1601	133
1601	134
1601	136
1601	696
1601	3546
1602	2588
1602	3547
1602	3548
1602	3549
1602	3550
1603	1936
1603	3551
1603	3552
1604	696
1604	3553
1604	3554
1604	3555
1605	3556
1606	2695
1606	3557
1606	3558
1607	494
1607	3559
1608	3560
1608	3561
1608	3562
1609	1299
1609	3563
1609	3564
1610	2798
1610	3492
1610	3565
1610	3566
1611	3567
1611	3568
1611	3569
1611	3570
1611	3571
1611	3572
1611	3573
1611	3574
1611	3575
1612	1177
1612	3576
1612	3577
1612	3578
1613	117
1613	687
1613	3507
1613	3579
1613	3580
1613	3581
1614	3582
1614	3583
1614	3584
1615	867
1615	3068
1615	3069
1615	3585
1616	2402
1616	3586
1616	3587
1616	3588
1617	222
1617	2697
1617	3589
1617	3590
1617	3591
1618	954
1618	3399
1618	3592
1618	3593
1619	1843
1619	1844
1619	2172
1619	3416
1619	3594
1620	2070
1620	3595
1620	3596
1620	3597
1620	3598
1621	2172
1621	2615
1621	3416
1622	2321
1622	3514
1623	2612
1623	3599
1624	3542
1624	3600
1624	3601
1625	2603
1625	3531
1625	3602
1625	3603
1626	2621
1626	3604
1626	3605
1626	3606
1626	3607
1626	3608
1627	3551
1627	3609
1628	130
1628	954
1628	3610
1629	2705
1629	2814
1629	3611
1630	696
1630	2471
1630	3219
1630	3612
1631	585
1631	3037
1631	3613
1631	3614
1632	1788
1632	3085
1632	3209
1632	3615
1632	3616
1633	1787
1633	1788
1633	1789
1633	3262
1633	3617
1634	3618
1634	3619
1634	3620
1635	603
1635	1843
1635	3621
1636	544
1636	867
1636	2172
1636	3055
1637	2705
1637	2814
1637	3622
1638	2021
1638	3245
1638	3623
1638	3624
1639	2626
1639	3625
1639	3626
1640	3627
1641	3628
1641	3629
1641	3630
1642	539
1642	1820
1642	2493
1642	3631
1642	3632
1643	3633
1643	3634
1643	3635
1644	3291
1644	3293
1644	3636
1644	3637
1644	3638
1644	3639
1645	2174
1645	2625
1645	3640
1645	3641
1645	3642
1645	3643
1645	3644
1645	3645
1645	3646
1645	3647
1646	2609
1646	2625
1646	3641
1646	3648
1646	3649
1646	3650
1646	3651
1646	3652
1647	2174
1647	3039
1647	3653
1647	3654
1647	3655
1647	3656
1647	3657
1647	3658
1648	2176
1648	2734
1648	3659
1648	3660
1648	3661
1648	3662
1648	3663
1649	2066
1649	3095
1649	3664
1649	3665
1649	3666
1650	2170
1650	3191
1650	3374
1650	3667
1650	3668
1650	3669
1650	3670
1650	3671
1651	132
1651	450
1651	696
1651	3672
1651	3673
1651	3674
1651	3675
1651	3676
1651	3677
1652	3678
1652	3679
1652	3680
1652	3681
1653	130
1653	2238
1653	3238
1653	3682
1654	2533
1654	3683
1655	3684
1655	3685
1655	3686
1656	2408
1656	3687
1656	3688
1657	3689
1657	3690
1657	3691
1657	3692
1657	3693
1657	3694
1658	2533
1658	3695
1658	3696
1658	3697
1658	3698
1659	2617
1659	3699
1660	2815
1660	3073
1660	3700
1661	3701
1661	3702
1661	3703
1661	3704
1662	3642
1662	3643
1662	3644
1662	3646
1662	3705
1662	3706
1662	3707
1663	2717
1663	3177
1663	3452
1663	3708
1663	3709
1664	399
1664	1735
1664	1738
1664	2278
1664	3469
1664	3710
1664	3711
1664	3712
1664	3713
1664	3714
1664	3715
1664	3716
1664	3717
1664	3718
1664	3719
1665	2126
1665	3720
1665	3721
1666	3722
1666	3723
1667	2061
1667	2176
1667	2905
1667	3724
1667	3725
1667	3726
1667	3727
1667	3728
1668	2430
1668	3263
1668	3729
1668	3730
1668	3731
1668	3732
1669	3733
1669	3734
1669	3735
1669	3736
1670	2528
1670	2815
1670	3737
1670	3738
1670	3739
1670	3740
1671	3264
1671	3265
1671	3741
1671	3742
1671	3743
1671	3744
1672	3210
1672	3745
1672	3746
1672	3747
1673	3748
1674	410
1674	2222
1675	50
1675	682
1675	3749
1676	3750
1676	3751
1676	3752
1677	2498
1677	2803
1677	3753
1678	3211
1678	3754
1678	3755
1679	2064
1679	2444
1679	2445
1679	3756
1679	3757
1679	3758
1679	3759
1679	3760
1679	3761
1680	2511
1680	3762
1680	3763
1681	2101
1681	2610
1681	2705
1681	3764
1682	2528
1682	3765
1682	3766
1683	2072
1683	2225
1683	2591
1683	3767
1684	3768
1685	73
1685	714
1685	893
1685	2599
1685	3769
1686	2563
1686	2723
1686	3042
1686	3770
1687	2328
1687	3771
1688	3772
1688	3773
1689	208
1689	2267
1690	211
1691	2613
1691	2717
1692	867
1692	2032
1692	2441
1692	3774
1693	867
1693	2441
1693	3085
1693	3775
1694	214
1694	3776
1695	2141
1695	3777
1695	3778
1696	3332
1696	3779
1697	399
1697	2278
1697	2377
1697	2634
1697	3246
1698	3780
1698	3781
1699	1722
1699	2511
1700	2410
1700	3060
1701	2011
1701	2351
1702	2188
1702	2499
1702	2613
1702	3782
1702	3783
1703	2188
1703	2499
1703	3433
1703	3783
1703	3784
1703	3785
1704	3724
1705	2027
1705	3786
1706	3787
1706	3788
1707	2191
1708	3789
1708	3790
1708	3791
1708	3792
1708	3793
1708	3794
1708	3795
1708	3796
1708	3797
1709	3798
1710	72
1710	626
1711	2141
1711	3799
1711	3800
1712	3801
1713	1993
1714	2020
1714	3802
1715	2099
1715	3030
1715	3803
1715	3804
1716	2141
1716	3778
1716	3805
1717	554
1717	556
1717	3806
1718	2410
1718	3807
1719	207
1719	3531
1719	3808
1719	3809
1720	2451
1720	3810
1721	584
1721	2101
1721	2571
1721	2572
1721	2694
1721	3031
1721	3481
1721	3717
1721	3811
1721	3812
1721	3813
1722	2032
1722	2441
1722	3814
1722	3815
1723	3211
1724	2176
1724	2588
1725	450
1725	695
1725	1975
1725	3816
1726	2101
1726	2694
1726	3812
1727	2176
1727	2312
1727	3733
1727	3817
1728	2170
1728	2621
1728	2672
1728	2676
1728	2905
1728	3818
1729	584
1729	2571
1730	1040
1730	1042
1730	3299
1730	3301
1731	249
1731	3819
1732	2270
1732	3820
1733	2402
1733	3250
1734	3259
1734	3436
1735	2582
1735	3821
1735	3822
1736	177
1736	3823
1737	867
1737	869
1737	2563
1737	3042
1738	2827
1738	3824
1739	81
1739	229
1739	3825
1740	2625
1740	3641
1741	554
1741	556
1741	2609
1741	3231
1741	3826
1742	2043
1742	3827
1743	2321
1743	3580
1743	3828
1744	2516
1744	3829
1745	3452
1745	3624
1745	3830
1746	2015
1746	2191
1746	2734
1746	2736
1746	3223
1746	3831
1747	3832
1747	3833
1748	542
1748	867
1748	868
1748	2447
1748	2617
1749	230
1749	603
1749	2623
1750	603
1750	954
1750	2623
1750	3834
1751	2444
1751	3835
1752	2444
1752	2445
1752	3761
1752	3836
1752	3837
1752	3838
1753	1722
1753	2267
1753	2511
1754	2126
1754	3839
1755	2504
1755	3840
1756	1512
1756	1567
1756	2549
1757	3841
1757	3842
1758	2283
1758	2642
1758	3843
1758	3844
1759	3845
1759	3846
1760	2016
1760	3847
1760	3848
1760	3849
1760	3850
1760	3851
1761	1974
1761	2506
1761	2528
1761	3653
1761	3852
1761	3853
1761	3854
1761	3855
1761	3856
1762	3857
1762	3858
1763	2451
1763	2606
1763	3810
1763	3859
1763	3860
1764	3861
1764	3862
1764	3863
1765	621
1765	3864
1765	3865
1766	509
1766	2461
1766	2612
1766	2982
1766	3551
1766	3866
1767	2148
1767	2505
1768	2067
1768	3867
1769	2613
1769	3042
1770	2402
1770	3250
1770	3586
1770	3868
1771	2192
1771	2696
1771	3277
1772	3055
1772	3056
1772	3869
1773	2028
1773	3112
1773	3870
1774	1996
1774	3871
1775	132
1775	273
1775	1843
1775	1975
1775	3816
1775	3872
1776	3873
1776	3874
1777	72
1777	695
1777	933
1777	1975
1778	2567
1778	2568
1778	3875
1778	3876
1779	3877
1779	3878
1779	3879
1780	129
1780	603
1780	760
1780	937
1781	2620
1781	3045
1781	3046
1781	3880
1782	867
1782	2617
1782	2825
1782	3085
1782	3810
1783	2190
1783	2386
1783	3127
1783	3128
1783	3129
1783	3475
1784	385
1784	3881
1784	3882
1785	953
1785	954
1786	2472
1786	3250
1787	585
1787	2472
1787	3086
1788	2504
1788	3883
1789	2206
1789	2737
1789	3884
1790	117
1790	3885
1790	3886
1791	454
1791	2184
1791	2421
1791	3887
1792	339
1792	550
1792	551
1792	703
1792	3573
1792	3575
1792	3888
1793	2528
1793	3238
1793	3889
1794	2141
1794	2208
1794	3778
1795	81
1795	229
1795	230
1796	3890
1796	3891
1796	3892
1797	584
1797	2168
1797	3255
1797	3893
1798	2510
1798	2617
1798	3092
1798	3894
1799	156
1799	2461
1799	2616
1799	3452
1800	544
1800	3036
1800	3895
1800	3896
1801	603
1801	604
1801	1777
1801	2238
1801	2798
1801	3897
1802	3898
1802	3899
1802	3900
1802	3901
1803	3902
1803	3903
1803	3904
1803	3905
1804	585
1804	2455
1804	3643
1804	3714
1804	3906
1805	872
1805	3907
1805	3908
1805	3909
1806	2528
1806	2591
1806	3910
1807	3911
1807	3912
1807	3913
1807	3914
1807	3915
1807	3916
1807	3917
1807	3918
1808	3841
1808	3919
1809	2563
1809	2832
1809	2833
1809	2835
1810	2325
1810	2713
1811	3920
1811	3921
1811	3922
1812	2471
1812	3219
1812	3923
1813	2410
1813	3924
1814	584
1814	2043
1814	2126
1814	2168
1814	2609
1814	2620
1814	2626
1814	2827
1814	3925
1814	3926
1815	2426
1815	3927
1815	3928
1815	3929
1816	2027
1816	3930
1816	3931
1816	3932
1817	117
1817	3933
1817	3934
1817	3935
1817	3936
1818	3839
1818	3937
1818	3938
1818	3939
1818	3940
1819	492
1819	494
1819	3941
1820	2126
1820	3205
1820	3642
1821	2087
1821	3942
1821	3943
1821	3944
1822	3085
1822	3945
1822	3946
1822	3947
1823	1040
1823	1042
1823	3299
1823	3301
1824	2615
1824	3251
1824	3948
1824	3949
1825	2533
1825	3053
1825	3054
1825	3950
1825	3951
1826	3865
1826	3952
1827	1511
1827	2634
1827	3953
1828	867
1828	2617
1829	2493
1829	3085
1830	902
1830	2113
1830	2635
1830	2636
1830	3461
1830	3954
1831	954
1831	2623
1831	3090
1831	3398
1832	3745
1832	3955
1833	2321
1833	3514
1834	2441
1834	3956
1835	603
1835	604
1836	2395
1836	3957
1836	3958
1836	3959
1836	3960
1837	868
1837	3961
1837	3962
1837	3963
1837	3964
1838	1925
1838	1967
1838	2812
1838	3783
1839	2101
1839	2415
1839	3222
1840	3965
1840	3966
1840	3967
1841	902
1841	2113
1841	2635
1841	2636
1841	3461
1841	3954
1842	2032
1842	3209
1843	3279
1843	3968
1844	2236
1844	2237
1844	3969
1844	3970
1845	1603
1845	2168
1845	2395
1845	3475
1846	2591
1846	3971
1847	585
1847	2455
1847	3643
1847	3714
1847	3906
1848	585
1848	1273
1848	2996
1848	3972
1848	3973
1849	15
1849	117
1849	3935
1849	3974
1850	2020
1850	3975
1850	3976
1850	3977
1851	2325
1851	2713
1852	2142
1852	3820
1852	3978
1852	3979
1853	2441
1853	3956
1853	3980
1854	902
1854	2113
1854	2631
1854	2636
1854	3505
1854	3981
1855	603
1855	3903
1855	3904
1855	3905
1856	784
1856	3982
1857	2312
1857	3512
1857	3513
1858	2798
1858	3983
1858	3984
1858	3985
1859	2241
1859	3757
1860	2615
1860	3092
1860	3986
1861	2070
1861	3987
1862	73
1862	3649
1862	3988
1863	3989
1863	3990
1863	3991
1863	3992
1864	2170
1864	2613
1864	3746
1865	211
1865	542
1865	698
1865	1480
1865	3993
1866	3994
1866	3995
1866	3996
1867	222
1867	3997
1867	3998
1867	3999
1868	2321
1868	3580
1869	2168
1869	2625
1869	2809
1869	3248
1870	2462
1870	3751
1871	3841
1871	3919
1872	2019
1872	3072
1872	4000
1873	4001
1873	4002
1873	4003
1873	4004
1873	4005
1874	4006
1874	4007
1874	4008
1874	4009
1875	3293
1875	4010
1876	2421
1876	3294
1876	3312
1876	3467
1877	4011
1877	4012
1878	4013
1878	4014
1878	4015
1878	4016
1878	4017
1879	2206
1879	2737
1879	4018
1879	4019
1879	4020
1880	1570
1880	4021
1880	4022
1880	4023
1880	4024
1881	399
1881	2170
1881	4025
1881	4026
1882	1037
1882	2533
1882	2738
1882	4027
1882	4028
1882	4029
1882	4030
1882	4031
1883	129
1883	273
1883	707
1883	4032
1883	4033
1884	4034
1884	4035
1884	4036
1885	3531
1885	3809
1885	4037
1885	4038
1885	4039
1885	4040
1886	2533
1886	4027
1886	4041
1886	4042
1887	211
1888	1399
1889	2616
1890	2190
1890	3714
1890	3717
1890	4043
1891	3040
1892	584
1892	784
1892	3095
1892	3837
1892	3838
1892	4044
1892	4045
1893	585
1893	3037
1893	3475
1893	3613
1893	3622
1894	784
1894	4046
1895	2189
1895	2821
1895	4047
1896	2020
1896	3543
1896	4048
1896	4049
1896	4050
1897	2705
1897	2814
1898	2481
1898	3475
1898	4051
1899	4052
1899	4053
1899	4054
1900	3239
1900	4055
1900	4056
1901	2716
1901	3076
1901	4057
1902	2714
1902	2716
1902	3873
1902	4058
1903	585
1903	762
1903	3038
1903	3907
1903	4059
1904	3034
1904	3456
1904	4060
1905	3580
1906	2717
1906	4061
1907	2109
1907	2190
1907	2421
1907	2479
1907	3447
1908	1422
1908	2623
1908	3055
1908	3092
1908	3260
1909	207
1909	3237
1909	3531
1909	4062
1910	603
1910	2622
1910	3456
1910	3621
1911	4063
1911	4064
1912	695
1912	3542
1912	4065
1912	4066
1913	3075
1913	3076
1913	3077
1913	4067
1914	117
1914	3580
1915	4068
1915	4069
1915	4070
1916	330
1916	331
1916	712
1916	4071
1916	4072
1916	4073
1916	4074
1917	876
1917	2510
1917	3221
1917	4075
1918	2325
1918	2705
1919	4076
1919	4077
1919	4078
1919	4079
1920	2225
1920	4080
1921	133
1921	134
1921	136
1921	251
1922	4081
1922	4082
1923	2027
1923	4083
1923	4084
1923	4085
1924	2283
1924	4086
1924	4087
1924	4088
1925	2167
1925	4089
1925	4090
1925	4091
1925	4092
1925	4093
1925	4094
1925	4095
1926	4096
1926	4097
1927	173
1927	3085
1927	3209
1928	2325
1929	4098
1930	4099
1930	4100
1931	3073
1931	3700
1932	2698
1932	3211
1932	3212
1932	3213
1932	4101
1933	2408
1933	4102
1933	4103
1933	4104
1934	3757
1934	4105
1934	4106
1934	4107
1934	4108
1934	4109
1935	2533
1935	3047
1935	3463
1935	4110
1936	2325
1936	2713
1936	4111
1937	2698
1937	4112
1937	4113
1938	2815
1938	4114
1939	2223
1939	2306
1939	4115
1939	4116
1939	4117
1940	2530
1940	4118
1940	4119
1941	4120
1941	4121
1942	4122
1942	4123
1942	4124
1943	2020
1943	3543
1943	4125
1943	4126
1943	4127
1943	4128
1944	2332
1944	3210
1944	3746
1944	4129
1945	1787
1945	1788
1945	3262
1945	4130
1946	3667
1946	4131
1946	4132
1946	4133
1946	4134
1946	4135
1947	1686
1947	4136
1948	4137
1948	4138
1948	4139
1948	4140
1949	4141
1949	4142
1949	4143
1949	4144
1950	4145
1950	4146
1951	439
1951	808
1951	1171
1952	808
1952	4147
1952	4148
1952	4149
1953	849
1953	1227
1954	4150
1955	482
1955	2673
1955	4151
1955	4152
1955	4153
1956	476
1956	509
1956	4154
1956	4155
1957	4156
1957	4157
1957	4158
1958	476
1958	2646
1959	405
1959	484
1959	4159
1960	4160
1960	4161
1960	4162
1960	4163
1961	4164
1961	4165
1962	4166
1963	4167
1963	4168
1964	4169
1964	4170
1964	4171
1965	1179
1965	4172
1966	4136
1966	4173
1966	4174
1966	4175
1967	4176
1967	4177
1967	4178
1967	4179
1967	4180
1967	4181
1968	2850
1968	4182
1969	4183
1969	4184
1969	4185
1970	4186
1970	4187
1970	4188
1970	4189
1970	4190
1971	476
1971	478
1971	4191
1971	4192
1972	2018
1972	4193
1973	1106
1973	1383
1973	4194
1973	4195
1973	4196
1973	4197
1974	4198
1974	4199
1974	4200
1974	4201
1975	4202
1975	4203
1976	482
1976	4152
1976	4153
1976	4204
1976	4205
1977	2853
1977	4206
1977	4207
1978	476
1978	482
1978	3396
1978	4208
1979	4145
1979	4146
1979	4209
1980	3724
1980	4210
1980	4211
1980	4212
1981	4213
1981	4214
1981	4215
1981	4216
1982	4196
1982	4217
1982	4218
1983	4217
1983	4219
1983	4220
1983	4221
1984	4222
1984	4223
1984	4224
1985	4225
1985	4226
1985	4227
1986	4228
1986	4229
1986	4230
1987	1203
1987	2393
1987	4231
1987	4232
1987	4233
1988	445
1988	456
1988	4234
1988	4235
1988	4236
1989	466
1989	4237
1990	2393
1990	4238
1991	405
1991	484
1991	4239
1992	4240
1992	4241
1992	4242
1993	4243
1993	4244
1993	4245
1994	4246
1994	4247
1994	4248
1994	4249
1994	4250
1994	4251
1994	4252
1995	2922
1995	2924
1995	4253
1995	4254
1995	4255
1996	1193
1996	4256
1997	4257
1997	4258
1998	4259
1998	4260
1998	4261
1998	4262
1998	4263
1998	4264
1999	464
1999	820
1999	1108
1999	1167
2000	849
2000	1227
2001	1193
2001	1201
2002	1179
2002	1203
2002	4172
2003	445
2003	456
2003	4234
2003	4235
2004	484
2004	4265
2005	466
2005	4237
2006	484
2006	498
2006	4266
2006	4267
2007	1167
2007	4268
2008	823
2008	4269
2009	4270
2009	4271
2010	440
2010	4272
2011	476
2011	4273
2012	4274
2012	4275
2012	4276
2012	4277
2013	4278
2013	4279
2014	329
2014	439
2014	1171
2014	4280
2014	4281
2015	405
2015	4246
2015	4282
2016	444
2016	1158
2016	4283
2017	774
2017	775
2018	4284
2019	4285
2020	463
2021	411
2021	413
2021	414
2021	415
2021	4286
2021	4287
2022	4288
2022	4289
2023	4183
2023	4184
2023	4290
2023	4291
2024	506
2024	4292
2025	4293
2025	4294
2025	4295
2026	4296
2026	4297
2026	4298
2026	4299
2026	4300
2027	782
2027	823
2027	4269
2027	4301
2028	2924
2028	4302
2028	4303
2028	4304
2029	4305
2029	4306
2030	487
2030	488
2031	4307
2031	4308
2032	406
2032	423
2032	2678
2032	4309
2033	1621
2033	4310
2033	4311
2033	4312
2033	4313
2034	1239
2034	2672
2034	2676
2034	2755
2034	4314
2035	463
2035	4171
2035	4315
2035	4316
2036	779
2036	4317
2037	479
2037	481
2037	482
2037	4152
2038	795
2038	4318
2038	4319
2039	3188
2039	4320
2039	4321
2040	455
2040	4322
2041	418
2041	1193
2041	4323
2042	810
2042	812
2042	1186
2042	4324
2043	439
2043	1170
2043	1171
2043	4281
2043	4325
2043	4326
2044	866
2044	4327
2045	409
2045	410
2046	4328
2046	4329
2046	4330
2046	4331
2047	530
2047	531
2047	4332
2047	4333
2047	4334
2048	4315
2048	4335
2048	4336
2049	4145
2049	4146
2049	4337
2050	4338
2050	4339
2050	4340
2050	4341
2051	1111
2051	2665
2052	439
2052	464
2052	1167
2052	1171
2052	4342
2053	4343
2053	4344
2053	4345
2053	4346
2054	2775
2054	4347
2055	2681
2055	2950
2055	4348
2055	4349
2056	466
2056	4350
2057	1193
2057	2060
2057	4351
2057	4352
2058	439
2058	808
2058	1102
2059	781
2059	4353
2060	2579
2060	4354
2061	4355
2061	4356
2061	4357
2061	4358
2062	4359
2062	4360
2062	4361
2063	482
2063	4362
2064	2784
2065	4363
2065	4364
2065	4365
2065	4366
2065	4367
2065	4368
2066	2784
2067	2745
2067	4369
2067	4370
2067	4371
2068	1153
2068	2675
2069	4136
2069	4372
2070	4373
2070	4374
2071	4375
2071	4376
2072	2656
2072	2672
2072	3373
2073	4377
2073	4378
2074	4373
2075	834
2075	4379
2075	4380
2076	4381
2076	4382
2076	4383
2077	2676
2077	2783
2078	789
2078	4384
2078	4385
2078	4386
2079	789
2079	4384
2079	4387
2079	4388
2080	2745
2080	2759
2080	4389
2081	1317
2081	2748
2081	2768
2081	4390
2082	2649
2082	4391
2082	4392
2083	4393
2083	4394
2084	2675
2084	4206
2084	4395
2084	4396
2084	4397
2084	4398
2085	2675
2086	2656
2086	2672
2086	2676
2087	2676
2087	2783
2087	4399
2088	1143
2088	4400
2088	4401
2089	781
2089	4402
2090	859
2090	4403
2091	2060
2091	2547
2091	3022
2092	1186
2092	2681
2092	4348
2092	4404
2093	4405
2093	4406
2094	4359
2094	4361
2095	4349
2095	4407
2095	4408
2095	4409
2096	2652
2096	2897
2096	4370
2097	875
2097	4410
2097	4411
2097	4412
2098	4413
2098	4414
2099	4415
2100	2980
2101	423
2101	834
2101	1126
2101	4416
2102	4417
2102	4418
2102	4419
2103	2897
2103	2975
2103	4420
2104	1544
2104	1546
2104	4421
2104	4422
2105	2976
2105	4423
2105	4424
2105	4425
2106	2656
2106	2871
2106	2916
2106	3376
2106	4426
2107	2672
2107	4026
2107	4427
2108	3151
2108	4428
2108	4429
2109	439
2109	1598
2109	1642
2109	1735
2109	2850
2109	4430
2110	407
2110	1112
2110	3007
2111	2976
2111	2994
2111	4431
2111	4432
2111	4433
2112	496
2112	1169
2112	4434
2113	1122
2113	3189
2113	4435
2114	405
2114	407
2114	453
2114	1119
2114	4436
2115	1112
2115	1263
2115	1637
2115	1638
2115	1639
2116	1112
2116	3395
2117	3185
2117	3382
2117	3386
2117	4437
2117	4438
2117	4439
2118	2745
2118	2784
2118	4440
2118	4441
2118	4442
2118	4443
2119	3005
2119	4444
2119	4445
2120	2785
2120	4446
2120	4447
2120	4448
2121	508
2121	509
2121	2676
2121	4449
2121	4450
2122	2897
2122	4451
2122	4452
2122	4453
2122	4454
2123	2756
2123	2770
2123	4455
2123	4456
2124	2852
2124	4457
2125	2846
2125	2847
2125	4458
2125	4459
2125	4460
2126	4461
2126	4462
2126	4463
2126	4464
2127	2996
2127	4465
2127	4466
2128	2756
2128	4467
2128	4468
2129	416
2129	2898
2129	4469
2129	4470
2129	4471
2130	2771
2130	3194
2130	4472
2130	4473
2130	4474
2131	476
2131	1247
2131	2676
2131	2976
2131	3363
2131	4475
2132	496
2132	497
2132	2927
2132	2934
2132	4476
2133	3202
2133	3203
2134	3355
2134	4477
2134	4478
2134	4479
2134	4480
2135	453
2135	509
2135	1105
2135	2968
2135	3353
2135	4481
2135	4482
2136	476
2136	1112
2136	3169
2136	3170
2137	406
2137	1118
2137	1119
2137	4483
2137	4484
2138	1119
2138	1125
2138	1198
2138	1199
2138	3145
2139	476
2139	3180
2139	3396
2140	4485
2140	4486
2140	4487
2140	4488
2141	405
2141	407
2141	453
2141	4489
2141	4490
2142	3151
2142	4491
2142	4492
2142	4493
2142	4494
2142	4495
2142	4496
2142	4497
2143	2913
2143	2914
2143	3007
2143	3066
2143	4420
2143	4498
2143	4499
2143	4500
2143	4501
2144	439
2144	1642
2144	2850
2144	4430
2144	4502
2144	4503
2144	4504
2144	4505
2144	4506
2145	3185
2145	3386
2145	4507
2146	508
2146	4449
2146	4508
2147	1243
2147	4153
2147	4509
2147	4510
2148	2672
2148	2676
2148	3156
2148	4511
2149	476
2149	2894
2149	4512
2149	4513
2149	4514
2150	2756
2150	2770
2150	4468
2150	4515
2150	4516
2151	482
2151	4517
2152	1112
2152	3395
2152	4518
2153	507
2153	509
2153	1142
2153	3173
2153	4519
2153	4520
2154	2887
2154	4521
2155	4522
2155	4523
2155	4524
2155	4525
2155	4526
2156	2785
2156	4527
2156	4528
2156	4529
2156	4530
2157	2655
2157	2888
2157	4531
2157	4532
2157	4533
2158	1118
2158	1220
2158	2871
2158	2877
2158	4534
2158	4535
2158	4536
2159	405
2159	423
2159	1119
2159	3007
2159	3326
2159	4537
2160	2646
2160	2681
2160	4421
2160	4538
2161	406
2161	1118
2161	2759
2161	2887
2162	4052
2162	4539
2162	4540
2163	403
2163	2675
2163	4541
2163	4542
2164	1247
2164	1248
2164	2062
2164	3830
2164	4543
2164	4544
2164	4545
2164	4546
2165	4481
2165	4537
2166	3175
2166	4547
2166	4548
2166	4549
2167	432
2167	792
2167	4550
2167	4551
2167	4552
2168	2891
2168	4538
2168	4553
2169	439
2169	1642
2169	2919
2169	4430
2169	4554
2169	4555
2169	4556
2169	4557
2170	3190
2170	4558
2170	4559
2170	4560
2170	4561
2171	423
2171	2913
2171	2914
2171	4499
2171	4500
2171	4562
2171	4563
2171	4564
2172	4360
2172	4361
2172	4565
2172	4566
2172	4567
2173	2897
2173	4459
2173	4568
2173	4569
2174	2853
2174	4570
2175	1261
2175	2934
2175	4571
2175	4572
2176	1119
2176	1399
2177	4573
2177	4574
2177	4575
2177	4576
2177	4577
2177	4578
2178	1598
2178	1599
2178	1601
2178	2850
2178	4579
2178	4580
2178	4581
2179	1104
2179	1262
2179	4519
2179	4582
2180	1112
2180	1638
2180	4583
2181	4425
2181	4433
2181	4584
2181	4585
2182	4586
2182	4587
2182	4588
2182	4589
2183	3004
2183	4590
2183	4591
2184	2656
2184	2916
2184	4426
2185	2897
2185	3323
2185	4592
2185	4593
2186	2655
2186	2914
2186	2929
2186	4532
2186	4594
2186	4595
2186	4596
2187	2978
2187	3005
2187	4444
2188	1255
2188	2762
2188	2764
2188	4597
2189	2919
2189	4598
2189	4599
2189	4600
2189	4601
2189	4602
2189	4603
2189	4604
2190	406
2190	496
2190	1118
2190	1169
2190	4434
2190	4605
2190	4606
2191	1118
2191	2871
2191	2877
2191	2920
2191	4534
2191	4535
2191	4536
2191	4607
2192	1544
2192	2646
2192	4421
2192	4608
2193	1142
2193	1247
2193	3173
2193	3373
2193	4609
2193	4610
2193	4611
2194	3151
2194	4493
2194	4612
2194	4613
2194	4614
2194	4615
2194	4616
2194	4617
2195	2871
2195	2897
2195	3323
2195	4618
2196	2898
2196	4619
2196	4620
2196	4621
2197	435
2197	4622
2197	4623
2197	4624
2197	4625
2197	4626
2197	4627
2198	2877
2198	3202
2198	3203
2199	4628
2200	4062
2200	4629
2200	4630
2200	4631
2200	4632
2200	4633
2201	4634
2202	4635
2202	4636
2203	4266
2203	4637
2203	4638
2203	4639
2204	1110
2204	4640
2205	2744
2205	3160
2205	3358
2205	4641
2205	4642
2205	4643
2206	4644
2206	4645
2206	4646
2207	3396
2207	4647
2208	2976
2208	4648
2208	4649
2208	4650
2209	4651
2209	4652
2210	4653
2210	4654
2210	4655
2210	4656
2210	4657
2211	4658
2211	4659
2212	4660
2212	4661
2213	4662
2213	4663
2213	4664
2213	4665
2214	4658
2214	4666
2215	2982
2215	3396
2215	4667
2215	4668
2216	4586
2216	4587
2216	4588
2216	4589
2216	4669
2217	4670
2218	4671
2218	4672
2218	4673
2218	4674
2219	403
2219	2675
2219	4675
2219	4676
2220	4677
2220	4678
2220	4679
2220	4680
2221	1112
2221	4681
2222	1112
2222	4518
2222	4682
2223	398
2223	2750
2223	4683
2223	4684
2223	4685
2223	4686
2223	4687
2224	508
2224	509
2224	4449
2224	4508
2224	4688
2224	4689
2225	2676
2225	2775
2225	3347
2225	4475
2225	4511
2225	4690
2225	4691
2225	4692
2225	4693
2225	4694
2226	4695
2226	4696
2226	4697
2226	4698
2227	4699
2227	4700
2227	4701
2227	4702
2227	4703
2228	1598
2228	1599
2228	1601
2228	2850
2228	4704
2228	4705
2228	4706
2228	4707
2229	4423
2229	4708
2229	4709
2230	4631
2230	4710
2230	4711
2230	4712
2231	1598
2231	1599
2231	1601
2231	2850
2231	4705
2231	4713
2232	1167
2232	2678
2232	2756
2232	4309
2232	4714
2232	4715
2232	4716
2232	4717
2232	4718
2233	4719
2233	4720
2233	4721
2233	4722
2233	4723
2233	4724
2234	4725
2235	4726
2235	4727
2235	4728
2236	4729
2237	4730
2237	4731
2238	4732
2238	4733
2239	4734
2239	4735
2239	4736
2240	4737
2241	4738
2242	4739
2242	4740
2242	4741
2242	4742
2243	4743
2243	4744
2243	4745
2243	4746
2243	4747
2244	4748
2244	4749
2244	4750
2244	4751
2245	4752
2245	4753
2246	4754
2246	4755
2246	4756
2246	4757
2247	4726
2247	4728
2248	4758
2248	4759
2249	4752
2249	4753
2249	4760
2249	4761
2250	4762
2251	4206
2252	4763
2252	4764
2252	4765
2253	4766
2254	4767
2254	4768
2255	2498
2255	4769
2255	4770
2256	4771
2257	4772
2258	4773
2258	4774
2259	4775
2259	4776
2260	4777
2261	4778
2261	4779
2262	4780
2263	329
2264	1036
2265	4781
2265	4782
2265	4783
2265	4784
2266	4785
2267	4786
2267	4787
2268	4788
2269	2649
2269	4391
2269	4789
2270	4781
2270	4784
2270	4786
2270	4787
2271	4744
2272	4790
2272	4791
2273	4792
2273	4793
2274	4794
2274	4795
2275	4796
2276	4797
2276	4798
2276	4799
2277	4800
2277	4801
2277	4802
2278	4803
2278	4804
2278	4805
2279	4778
2279	4806
2280	4807
2280	4808
2281	4809
2281	4810
2281	4811
2281	4812
2282	4813
2282	4814
2283	4815
2283	4816
2284	4817
2285	2018
2286	4818
2287	4819
2288	4820
2288	4821
2289	4822
2289	4823
2290	4824
2291	4825
2292	4826
2293	329
2294	4827
2294	4828
2295	2345
2295	2349
2295	2791
2296	4829
2296	4830
2297	4831
2298	4832
2298	4833
2298	4834
2299	4835
2299	4836
2300	4837
2300	4838
2301	4808
2301	4839
2302	4840
2303	4841
2303	4842
2303	4843
2304	2676
2305	1153
2305	4844
2306	4845
2307	4846
2307	4847
2307	4848
2308	2792
2308	4849
2309	4850
2310	4851
2310	4852
2310	4853
2311	2783
2311	4206
2312	4170
2312	4854
2313	4369
2314	4855
2315	4779
2315	4806
2315	4856
2316	4857
2317	4858
2318	2837
2318	4859
2319	4860
2319	4861
2320	4862
2320	4863
2321	4864
2321	4865
2322	4866
2323	4867
2324	4737
2324	4868
2325	4759
2325	4869
2325	4870
2326	4748
2326	4750
2326	4871
2327	2649
2327	4872
2328	4873
2328	4874
2328	4875
2329	4876
2330	4877
2330	4878
2331	4879
2331	4880
2332	4881
2333	4882
2334	4883
2335	4884
2335	4885
2335	4886
2335	4887
2335	4888
2335	4889
2336	4890
2336	4891
2337	4892
2337	4893
2338	4894
2339	4893
2340	4780
2341	4895
2341	4896
2342	4897
2342	4898
2343	4728
2343	4899
2344	2625
2345	2015
2345	2421
2345	2557
2345	3312
2345	3467
2346	3263
2346	3265
2346	4900
2347	2511
2347	3069
2347	3629
2348	2698
2348	3040
2348	4901
2349	695
2349	1975
2349	3784
2349	4902
2350	2028
2350	4903
2350	4904
2351	3211
2351	3931
2351	4905
2351	4906
2352	450
2352	695
2352	1975
2352	3816
2353	2704
2353	3073
2353	3319
2354	873
2354	1973
2354	2015
2354	3811
2354	4907
2355	2446
2355	2447
2355	4908
2356	2133
2356	2188
2356	2613
2356	2797
2357	2168
2357	2814
2358	2176
2358	4909
2359	3780
2359	4910
2360	147
2360	760
2360	2824
2361	391
2361	618
2361	4911
2361	4912
2362	2170
2362	2621
2362	2672
2362	2676
2362	3818
2363	3836
2363	4913
2364	2812
2364	2813
2365	696
2365	2408
2365	4914
2366	73
2366	3649
2366	3988
2367	92
2367	115
2367	4915
2368	1722
2368	2511
2368	3312
2369	2176
2369	2588
2369	3060
2370	867
2370	2447
2370	2617
2370	3098
2371	117
2371	3886
2371	4048
2372	3452
2372	3557
2373	3452
2373	3624
2373	3830
2373	4916
2373	4917
2374	2189
2374	4918
2374	4919
2375	2798
2375	2799
2375	2800
2376	1975
2376	2172
2376	4920
2376	4921
2377	2172
2377	2609
2377	4922
2378	211
2378	868
2378	1028
2378	3961
2378	4923
2379	1299
2379	2440
2380	2504
2380	4924
2381	2402
2381	3527
2382	2307
2382	4925
2383	3252
2383	4926
2384	2321
2384	3580
2385	2125
2385	2283
2385	4927
2386	4928
2386	4929
2387	2113
2387	2631
2387	4930
2387	4931
2388	4932
2388	4933
2388	4934
2388	4935
2389	867
2389	2617
2389	3098
2390	3634
2391	4936
2391	4937
2391	4938
2392	110
2392	129
2392	292
2393	4939
2393	4940
2394	75
2395	4941
2395	4942
2395	4943
2395	4944
2396	3863
2396	4945
2396	4946
2397	2246
2397	4947
2397	4948
2397	4949
2398	3316
2398	4068
2398	4950
2398	4951
2399	2410
2399	4952
2400	2176
2400	2734
2400	3059
2400	3060
2400	3458
2400	3746
2400	4953
2400	4954
2400	4955
2401	784
2401	3095
2401	4956
2401	4957
2402	2582
2402	4958
2402	4959
2403	4960
2403	4961
2403	4962
2403	4963
2403	4964
2404	329
2404	2676
2404	2757
2404	4965
2405	2676
2405	2783
2406	3063
2406	3772
2407	4966
2407	4967
2407	4968
2408	2950
2408	4409
2408	4969
2409	4970
2409	4971
2410	2837
2410	4972
2410	4973
2411	4974
2412	507
2412	2930
2412	4975
2413	2759
2413	4976
2413	4977
2413	4978
2414	4979
2414	4980
2414	4981
2414	4982
2415	4983
2416	4984
2416	4985
2417	2764
2417	4986
2418	2681
2418	4987
2419	4988
2419	4989
2420	4965
2420	4990
2420	4991
2420	4992
2421	4993
2421	4994
2422	2876
2422	4995
2423	856
2423	4375
2423	4376
2424	2681
2424	4996
2425	849
2425	4997
2426	4998
2426	4999
2427	466
2427	4350
2428	1153
2428	2675
2428	5000
2429	5001
2429	5002
2430	4369
2431	2676
2431	4206
2431	5003
2432	1036
2432	5004
2432	5005
2433	329
2433	2692
2433	3022
2433	5006
2433	5007
2434	2840
2434	3008
2434	5008
2435	4994
2435	5009
2435	5010
2435	5011
2435	5012
2435	5013
2436	4882
2436	5014
2436	5015
2437	5016
2438	2676
2439	201
2439	3337
2439	5000
2440	217
2440	834
2440	1126
2441	2692
2441	5017
2442	2681
2442	5018
2442	5019
2443	1677
2443	5020
2443	5021
2444	1255
2444	2657
2445	4206
2445	4971
2445	5006
2445	5007
2445	5022
2445	5023
2446	466
2446	5024
2447	856
2447	5025
2448	4784
2448	5026
2448	5027
2449	5028
2449	5029
2450	5030
2451	5031
2451	5032
2451	5033
2452	5034
2453	329
2453	808
2453	2676
2453	3212
2454	2676
2454	5035
2455	5036
2455	5037
2456	5038
2457	2692
2457	2784
2458	2759
2458	5039
2459	2649
2459	5040
2459	5041
2460	5015
2460	5042
2460	5043
2461	5044
2462	4877
2463	5045
2463	5046
2464	5047
2464	5048
2464	5049
2464	5050
2465	5051
2465	5052
2465	5053
2466	41
2466	99
2466	5054
2467	2698
2467	3040
2467	3213
2467	5055
2468	1521
2468	5056
2469	727
2470	81
2470	2461
2470	5057
2471	49
2472	211
2472	5058
2473	1686
2473	4132
2473	5059
2474	5060
2474	5061
2475	264
2476	241
2476	5056
2476	5062
2477	188
2477	5063
2478	626
2479	539
2480	5064
2480	5065
2480	5066
2481	60
2481	5067
2481	5068
2482	5069
2482	5070
2483	593
2483	5071
2483	5072
2483	5073
2484	1512
2484	1760
2484	2698
2484	3217
2485	73
2485	253
2485	5074
2485	5075
2486	73
2486	3056
2486	5076
2487	170
2487	623
2487	5077
2488	2462
2488	5078
2489	5079
2490	5052
2490	5080
2490	5081
2491	99
2491	2339
2491	5082
2492	956
2492	5083
2492	5084
2493	5085
2493	5086
2493	5087
2494	5088
2494	5089
2495	311
2495	5090
2495	5091
2495	5092
2495	5093
2496	1527
2496	5094
2496	5095
2496	5096
2497	5097
2497	5098
2497	5099
2498	5100
2498	5101
2499	5102
2499	5103
2500	997
2500	5104
2501	727
2501	5105
2502	1896
2502	5106
2503	5107
2503	5108
2503	5109
2504	5110
2504	5111
2505	626
2506	2698
2506	5112
2506	5113
2506	5114
2507	760
2507	1022
2507	5115
2508	2698
2508	4901
2508	5116
2509	92
2509	944
2509	5117
2510	5118
2511	2190
2511	3117
2511	5119
2512	5119
2512	5120
2513	178
2513	5121
2514	2697
2514	2698
2515	82
2515	977
2515	5122
2516	554
2516	556
2516	5123
2517	5124
2517	5125
2517	5126
2518	5127
2519	9
2519	23
2519	2462
2520	5128
2520	5129
2520	5130
2521	4437
2521	5056
2522	810
2522	5131
2522	5132
2522	5133
2523	2168
2523	5134
2524	5135
2524	5136
2524	5137
2525	211
2525	1029
2525	5138
2526	5139
2526	5140
2526	5141
2527	699
2527	5142
2527	5143
2528	5144
2528	5145
2529	72
2529	249
2529	5146
2529	5147
2530	249
2530	5147
2531	5148
2531	5149
2532	5150
2532	5151
2532	5152
2532	5153
2532	5154
2533	5155
2533	5156
2534	5157
2535	5158
2535	5159
2536	5160
2536	5161
2536	5162
2537	120
2537	643
2538	950
2538	5163
2538	5164
2539	5165
2539	5166
2540	236
2540	542
2540	868
2540	2617
2540	3036
2541	253
2541	5167
2542	5168
2542	5169
2542	5170
2542	5171
2542	5172
2542	5173
2542	5174
2543	81
2543	5175
2544	5176
2544	5177
2544	5178
2545	1527
2545	5179
2546	470
2546	5180
2546	5181
2547	1325
2547	1453
2547	5182
2547	5183
2548	65
2548	623
2549	5184
2550	1036
2551	5185
2551	5186
2551	5187
2551	5188
2552	5189
2553	5190
2554	5191
2555	1126
2555	4394
2555	5192
2556	5193
2557	5194
2557	5195
2557	5196
2558	5197
2558	5198
2558	5199
2559	5200
2560	5201
2561	4759
2561	5202
2561	5203
2562	5204
2563	5205
2563	5206
2564	5207
2564	5208
2565	5209
2565	5210
2566	5211
2566	5212
2566	5213
2567	5214
2568	5215
2568	5216
2569	1899
2569	5217
2570	4803
2571	5218
2571	5219
2572	1
2572	59
2572	152
2572	1318
2573	5178
2573	5220
2573	5221
2574	351
2574	354
2574	5222
2575	617
2575	618
2575	5223
2575	5224
2575	5225
2576	6
2576	229
2576	561
2576	3821
2577	366
2577	5226
2577	5227
2578	5228
2578	5229
2579	1
2579	152
2579	655
2579	5230
2579	5231
2580	917
2580	2447
2581	2280
2581	5232
2582	5233
2582	5234
2582	5235
2582	5236
2582	5237
2583	552
2583	1008
2584	956
2585	1818
2585	5238
2585	5239
2585	5240
2586	5241
2586	5242
2587	99
2587	5243
2588	5234
2588	5237
2588	5244
2588	5245
2589	49
2589	81
2589	660
2590	107
2591	166
2591	167
2592	668
2592	919
2593	54
2593	1818
2593	5246
2593	5247
2594	110
2594	129
2594	292
2595	264
2595	981
2596	311
2597	982
2598	766
2599	5248
2599	5249
2599	5250
2600	92
2600	639
2600	5251
2601	618
2601	5252
2601	5253
2601	5254
2601	5255
2602	5128
2602	5256
2602	5257
2602	5258
2603	69
2603	73
2603	74
2603	600
2604	69
2604	73
2604	5259
2605	495
2605	5260
2605	5261
2606	72
2606	73
2606	1088
2607	5076
2608	651
2608	727
2609	1787
2609	5262
2609	5263
2610	1700
2610	5264
2610	5265
2610	5266
2611	67
2611	77
2611	5267
2612	1528
2612	5268
2612	5269
2613	1702
2614	960
2614	5270
2614	5271
2614	5272
2614	5273
2614	5274
2615	3056
2615	3869
2616	5275
2616	5276
2616	5277
2617	125
2617	1054
2617	1055
2617	3735
2617	5278
2617	5279
2618	320
2618	321
2618	5280
2619	5160
2619	5281
2620	215
2620	899
2620	1792
2620	5282
2621	289
2621	330
2621	5283
2621	5284
2622	1527
2622	5285
2623	772
2623	773
2623	5286
2624	5287
2624	5288
2625	626
2626	919
2626	1049
2626	5289
2626	5290
2626	5291
2627	5292
2627	5293
2628	2440
2628	5294
2628	5295
2629	5296
2629	5297
2630	249
2630	5298
2630	5299
2631	73
2631	5300
2631	5301
2632	123
2632	125
2632	1125
2633	1
2633	2811
2633	5231
2633	5302
2634	5303
2634	5304
2635	261
2635	5305
2635	5306
2635	5307
2636	5261
2636	5308
2637	133
2637	5309
2637	5310
2638	133
2638	339
2638	693
2638	5309
2638	5311
2639	634
2639	5312
2639	5313
2640	5314
2640	5315
2641	5316
2641	5317
2641	5318
2642	60
2642	5319
2642	5320
2643	72
2643	596
2643	597
2644	27
2644	5321
2645	5054
2645	5322
2645	5323
2646	5051
2647	315
2647	748
2648	5096
2648	5324
2648	5325
2648	5326
2648	5327
2649	147
2649	2822
2650	2604
2650	5328
2650	5329
2651	5330
2651	5331
2651	5332
2652	167
2652	5333
2653	5334
2654	36
2654	702
2654	5335
2655	270
2655	723
2655	5336
2656	339
2656	340
2656	5337
2657	5338
2658	2369
2658	5339
2659	385
2659	386
2659	727
2659	5340
2660	2328
2660	5341
2660	5342
2661	5343
2661	5344
2661	5345
2661	5346
2662	5347
2662	5348
2662	5349
2662	5350
2662	5351
2662	5352
2662	5353
2662	5354
2662	5355
2662	5356
2663	5357
2663	5358
2664	255
2664	699
2664	5359
2664	5360
2664	5361
2664	5362
2664	5363
2664	5364
2664	5365
2665	107
2665	558
2665	5366
2665	5367
2666	5368
2666	5369
2666	5370
2666	5371
2666	5372
2666	5373
2666	5374
2666	5375
2666	5376
2666	5377
2667	5378
2668	3383
2668	5379
2668	5380
2669	299
2669	5381
2669	5382
2669	5383
2670	72
2670	129
2670	696
2671	5384
2672	2924
2672	5385
2673	5386
2673	5387
2673	5388
2673	5389
2673	5390
2673	5391
2673	5392
2674	5393
2675	5394
2676	2790
2677	5395
2677	5396
2677	5397
2677	5398
2677	5399
2677	5400
2678	5401
2678	5402
2679	5403
2679	5404
2680	5405
2681	5406
2681	5407
2681	5408
2682	5409
2682	5410
2682	5411
2683	5412
2684	626
2685	60
2685	919
2685	5289
2685	5413
2686	1551
2686	5414
2687	1520
2687	5291
2688	5415
2688	5416
2689	3117
2689	5119
2689	5417
2689	5418
2689	5419
2690	5420
2690	5421
2690	5422
2691	188
2691	5063
2691	5423
2691	5424
2692	60
2692	5067
2692	5425
2693	5426
2693	5427
2693	5428
2694	2369
2694	5339
2695	5097
2695	5429
2695	5430
2695	5431
2696	6
2696	92
2696	5432
2697	49
2697	1001
2697	5433
2698	5434
2698	5435
2699	5436
2699	5437
2699	5438
2700	209
2700	667
2701	9
2701	23
2701	2462
2702	5439
2702	5440
2702	5441
2702	5442
2703	5064
2703	5065
2703	5066
2704	5165
2704	5166
2705	211
2705	542
2705	544
2705	868
2706	72
2706	73
2706	75
2706	696
2707	73
2707	129
2707	714
2708	253
2708	2441
2708	5443
2709	609
2709	5444
2709	5445
2710	188
2710	5446
2711	546
2711	5177
2711	5447
2712	69
2712	73
2713	593
2713	5073
2713	5448
2714	73
2714	104
2714	5076
2715	626
2715	727
2716	727
2716	5449
2717	2328
2717	3771
2718	5450
2718	5451
2719	5452
2719	5453
2719	5454
2720	5128
2720	5129
2720	5455
2720	5456
2720	5457
2720	5458
2720	5459
2721	125
2721	601
2721	5460
2722	1379
2722	5461
2722	5462
2723	312
2723	5463
2723	5464
2724	2310
2724	5465
2724	5466
2725	354
2725	5222
2725	5467
2725	5468
2725	5469
2726	1347
2726	5366
2726	5470
2726	5471
2726	5472
2726	5473
2726	5474
2726	5475
2727	253
2727	760
2727	5476
2727	5477
2727	5478
2727	5479
2728	41
2728	95
2728	99
2728	281
2728	282
2729	5101
2729	5480
2729	5481
2729	5482
2730	36
2730	2632
2730	5483
2730	5484
2730	5485
2731	5486
2731	5487
2731	5488
2732	5489
2732	5490
2733	211
2733	1029
2733	5138
2734	178
2734	1276
2734	5491
2735	5492
2735	5493
2736	314
2736	5045
2737	1340
2737	5494
2737	5495
2738	868
2738	2447
2738	2617
2739	2827
2739	5496
2740	5319
2740	5497
2740	5498
2740	5499
2741	5500
2742	554
2742	556
2742	5501
2743	222
2744	110
2744	129
2744	292
2745	133
2745	5309
2746	8
2746	5502
2746	5503
2746	5504
2747	5505
2748	143
2748	5506
2749	304
2749	593
2749	5507
2750	695
2750	965
2750	1975
2750	5508
2751	5509
2751	5510
2752	1527
2752	5096
2752	5179
2753	1457
2753	5511
2754	104
2754	727
2754	1925
2754	3092
2754	3409
2755	5512
2755	5513
2755	5514
2756	727
2756	5105
2756	5515
2756	5516
2757	110
2757	129
2757	5517
2758	5518
2758	5519
2758	5520
2759	5521
2759	5522
2760	5523
2760	5524
2760	5525
2761	5526
2761	5527
2762	228
2762	267
2763	2315
2763	3954
2763	5528
2763	5529
2764	226
2764	5530
2764	5531
2765	5532
2765	5533
2765	5534
2766	2163
2766	5535
2766	5536
2767	339
2767	551
2767	5537
2767	5538
2767	5539
2767	5540
2768	5541
2768	5542
2769	5543
2769	5544
2769	5545
2770	72
2770	597
2770	5546
2771	5547
2771	5548
2771	5549
2772	5550
2773	5551
2773	5552
2774	5193
2775	4391
2775	5553
2776	5554
2776	5555
2777	5556
2777	5557
2777	5558
2778	4882
2778	5559
2779	5560
2779	5561
2780	1036
2780	4971
2781	5562
2781	5563
2782	5564
2782	5565
2783	1059
2784	81
2784	869
2784	5566
2785	5567
2785	5568
2786	92
2786	188
2786	5569
2787	2225
2787	2591
2788	1521
2788	5056
2789	1759
2789	5454
2790	351
2790	5570
2791	5571
2791	5572
2792	4437
2792	5056
2792	5573
2793	5574
2794	211
2794	744
2794	5575
2795	2440
2795	5048
2795	5576
2796	1395
2796	5577
2796	5578
2797	72
2797	593
2797	5579
2798	5580
2798	5581
2798	5582
2799	188
2799	1313
2800	682
2800	950
2800	3749
2800	5583
2801	81
2801	229
2801	680
2801	5584
2802	5585
2802	5586
2802	5587
2803	65
2803	623
2804	5588
2804	5589
2805	626
2806	339
2806	626
2807	919
2807	1049
2807	5291
2807	5590
2808	1081
2808	1292
2808	5366
2809	92
2809	5117
2810	1457
2810	5591
2810	5592
2811	5298
2811	5299
2811	5593
2812	5594
2812	5595
2812	5596
2812	5597
2812	5598
2813	60
2814	106
2814	5599
2814	5600
2815	143
2815	5506
2816	5101
2816	5601
2817	73
2817	937
2817	3092
2818	1046
2818	5602
2818	5603
2818	5604
2819	1681
2819	5605
2820	5243
2820	5606
2821	5158
2821	5159
2822	5158
2822	5159
2823	556
2823	593
2823	5579
2824	556
2824	593
2824	5579
2825	92
2825	5607
2826	5608
2826	5609
2826	5610
2827	5611
2828	1696
2828	5612
2829	5613
2829	5614
2829	5615
2830	1932
2830	5616
2830	5617
2831	5618
2831	5619
2832	609
2833	1527
2833	5179
2834	72
2834	104
2834	273
2835	1059
2835	1575
2835	5620
2836	5077
2836	5621
2836	5622
2836	5623
2836	5624
2836	5625
2836	5626
2837	3976
2837	5627
2837	5628
2838	5629
2838	5630
2838	5631
2838	5632
2838	5633
2839	65
2840	5634
2840	5635
2841	289
2841	1527
2842	2536
2842	5636
2842	5637
2843	5638
2843	5639
2844	5640
2844	5641
2844	5642
2844	5643
2845	5644
2845	5645
2845	5646
2846	5647
2847	466
2847	5648
2848	5649
2848	5650
2849	5651
2849	5652
2850	5562
2851	5653
2851	5654
2852	5655
2852	5656
2853	5657
2854	2649
2854	5658
2855	5659
2856	5660
2857	5661
2857	5662
2857	5663
2858	5664
2858	5665
2858	5666
2859	5667
2859	5668
2859	5669
2859	5670
2860	546
2860	2020
2861	5193
2862	2792
2862	5671
2862	5672
2863	5673
2863	5674
2864	5675
2864	5676
2864	5677
2865	5678
2865	5679
2866	5680
2866	5681
2866	5682
2867	5683
2867	5684
2867	5685
2867	5686
2868	3170
2868	5687
2868	5688
2868	5689
2868	5690
2869	1589
2869	1899
2869	1900
2869	5691
2869	5692
2869	5693
2870	1604
2870	1607
2870	1608
2871	1188
2871	5694
2871	5695
2872	1626
2872	5696
2872	5697
2872	5698
2872	5699
2873	781
2873	5700
2874	1193
2874	4320
2874	5701
2874	5702
2874	5703
2874	5704
2874	5705
2875	1167
2875	2678
2875	2756
2875	4309
2875	4714
2875	4715
2875	5706
2875	5707
2877	1182
2877	1214
2877	5708
2877	5709
2877	5710
2877	5711
2878	1243
2878	4153
2878	4509
2878	5712
2878	5713
2878	5714
2878	5715
2879	1240
2879	5713
2879	5716
2880	1112
2880	4518
2880	4682
2881	1659
2881	1660
2881	4266
2881	5717
2882	406
2882	1118
2882	5718
2882	5719
2885	445
2885	5720
2885	5721
2885	5722
2886	507
2886	509
2886	1142
2886	3173
2886	4519
2886	4520
2887	4234
2887	5723
2887	5724
2888	1641
2888	5725
2888	5726
2888	5727
2890	439
2890	809
2890	1648
2890	5728
2890	5729
2891	435
2891	5730
2891	5731
2891	5732
2891	5733
2891	5734
2892	464
2892	496
2892	1166
2892	1598
2892	5735
2893	781
2893	782
2893	5736
2894	445
2894	5737
2894	5738
2895	5687
2895	5688
2895	5689
2895	5690
2895	5739
2895	5740
2895	5741
2896	5742
2896	5743
2896	5744
2897	217
2897	3044
2897	3193
2897	4462
2899	5745
2899	5746
2899	5747
2899	5748
2900	491
2900	846
2901	5749
2902	5750
2902	5751
2902	5752
2903	5753
2903	5754
2903	5755
2903	5756
2904	5757
2904	5758
2904	5759
2904	5760
2904	5761
2905	5762
2905	5763
2906	5764
2906	5765
2906	5766
2907	5767
2907	5768
2908	5398
2908	5769
2909	5770
2909	5771
2909	5772
2910	4822
2910	5385
2911	5773
2911	5774
2912	5409
2912	5775
2913	5776
2913	5777
2914	5778
2914	5779
2914	5780
2915	5190
2916	5781
2916	5782
2917	5783
2918	170
2918	623
2918	624
2919	6
2919	92
2919	5784
2920	88
2920	750
2921	81
2921	5785
2922	5786
2922	5787
2923	1049
2923	1520
2923	5291
2924	182
2924	632
2925	21
2925	81
2925	229
2925	5425
2926	178
2926	2462
2927	4924
2927	5056
2927	5788
2927	5789
2927	5790
2928	5791
2928	5792
2929	81
2929	152
2929	5793
2930	75
2931	711
2931	714
2931	5794
2932	73
2932	3056
2932	3869
2933	571
2933	572
2933	5795
2934	593
2934	5796
2935	552
2935	5797
2936	2168
2936	5134
2937	634
2937	5312
2937	5313
2938	211
2938	5138
2938	5798
2939	1
2939	2811
2939	5799
2940	1826
2940	1925
2940	3092
2940	3093
2941	130
2941	544
2941	603
2941	954
2941	3036
2941	5800
2942	5801
2943	54
2943	1818
2944	651
2944	652
2944	653
2944	654
2944	5802
2945	5803
2945	5804
2946	65
2946	992
2947	41
2947	95
2947	99
2948	188
2948	5805
2948	5806
2948	5807
2949	129
2949	273
2949	707
2949	5808
2949	5809
2950	993
2950	5810
2951	41
2951	99
2951	246
2951	5617
2952	5811
2953	30
2953	31
2953	343
2954	30
2954	31
2954	99
2954	246
2954	343
2954	557
2955	1896
2955	5580
2955	5812
2956	130
2956	954
2956	5813
2956	5814
2957	5450
2957	5815
2958	1702
2958	5816
2958	5817
2958	5818
2959	129
2959	3995
2959	5819
2959	5820
2960	5821
2961	110
2961	111
2961	129
2961	292
2961	5517
2962	5822
2962	5823
2963	5243
2963	5824
2963	5825
2964	211
2964	5138
2964	5826
2964	5827
2964	5828
2965	5829
2965	5830
2966	773
2966	5831
2966	5832
2967	5833
2967	5834
2967	5835
2967	5836
2967	5837
2967	5838
2967	5839
2967	5840
2968	590
2968	593
2968	5841
2968	5842
2969	72
2969	73
2969	626
2969	714
2970	60
2970	668
2970	919
2970	5289
2970	5425
2971	624
2971	5289
2972	724
2972	729
2972	5052
2973	69
2973	73
2973	74
2974	2440
2974	2600
2974	5048
2974	5843
2975	52
2975	53
2975	1818
2976	560
2976	5844
2977	60
2977	5319
2977	5320
2978	760
2978	937
2978	938
2978	5845
2979	676
2979	677
2979	5846
2980	5847
2981	5847
2982	104
2982	273
2982	1846
2982	5848
2983	5079
2984	83
2984	125
2984	3735
2985	5165
2985	5849
2985	5850
2986	956
2986	5851
2986	5852
2987	1512
2987	5502
2987	5853
2988	73
2988	104
2988	5854
2989	104
2989	273
2989	662
2990	1818
2990	5855
2990	5856
2991	5857
2991	5858
2992	1027
2992	2509
2992	5859
2993	62
2993	5860
2994	81
2994	548
2994	5861
2994	5862
2995	5863
2996	726
2996	1700
2997	903
2997	5864
2997	5865
2998	5866
2998	5867
2998	5868
2998	5869
2999	92
2999	944
3000	41
3000	95
3000	99
3000	246
3001	41
3001	921
3002	1943
3002	5870
3002	5871
3003	542
3003	868
3003	1788
3004	5260
3004	5261
3005	73
3005	5872
3005	5873
3006	165
3006	618
3006	1447
3006	5223
3006	5874
3006	5875
3006	5876
3006	5877
3006	5878
3006	5879
3007	554
3007	556
3007	3806
3007	5880
3008	228
3008	267
3009	167
3009	5881
3009	5882
3010	597
3010	1689
3010	5883
3011	5580
3011	5582
3011	5884
3012	5885
3012	5886
3013	170
3013	5100
3013	5626
3013	5887
3014	2371
3014	5888
3014	5889
3014	5890
3015	0
3015	5891
3015	5892
3015	5893
3016	5824
3016	5894
3016	5895
3017	560
3017	5896
3017	5897
3017	5898
3018	1539
3018	5899
3018	5900
3018	5901
3018	5902
3019	1527
3019	5096
3020	1529
3020	5179
3021	4122
3022	725
3022	1313
3022	5903
3022	5904
3022	5905
3023	5868
3023	5906
3023	5907
3024	5908
3024	5909
3024	5910
3024	5911
