0	0
1	1
2	2
3	3
4	4
5	5
6	6
7	7
8	8
9	9
10	10
11	11
12	1
13	1
14	9
15	12
16	7
17	13
18	14
19	15
20	16
21	17
22	15
23	18
24	15
25	0
26	19
27	20
28	21
29	2
30	5
31	22
32	23
33	24
34	25
35	26
36	26
37	5
38	16
39	27
40	28
41	29
42	30
43	31
44	32
45	11
46	10
47	33
48	10
49	34
50	35
51	36
52	26
53	37
54	38
55	39
56	40
57	4
58	24
59	41
60	42
61	43
62	8
63	12
64	10
65	3
66	44
67	45
68	46
69	47
70	14
71	48
72	49
73	50
74	51
75	52
76	53
77	44
78	46
79	46
80	54
81	55
82	56
83	57
84	58
85	19
86	59
87	60
88	61
89	62
90	42
91	41
92	63
93	64
94	65
95	3
96	3
97	66
98	15
99	48
100	67
101	68
102	69
103	70
104	71
105	72
106	73
107	74
108	75
109	76
110	26
111	26
112	77
113	8
114	35
115	20
116	69
117	23
118	60
119	3
120	78
121	79
122	80
123	43
124	81
125	43
126	75
127	82
128	83
129	84
130	85
131	86
132	87
133	23
134	88
135	89
136	90
137	91
138	92
139	33
140	41
141	93
142	94
143	95
144	96
145	71
146	78
147	97
148	98
149	26
150	14
151	42
152	99
153	60
154	100
155	101
156	102
157	17
158	33
159	5
160	63
161	103
162	48
163	9
164	104
165	105
166	106
167	107
168	108
169	89
170	76
171	109
172	110
173	82
174	111
175	37
176	112
177	113
178	1
179	78
180	114
181	115
182	116
183	69
184	117
185	37
186	26
187	73
188	118
189	119
190	37
191	120
192	34
193	92
194	121
195	79
196	122
197	123
198	124
199	1
200	69
201	83
202	125
203	10
204	40
205	126
206	111
207	127
208	128
209	129
210	130
211	83
212	41
213	131
214	71
215	132
216	105
217	133
218	114
219	31
220	17
221	96
222	134
223	135
224	136
225	43
226	137
227	138
228	27
229	139
230	139
231	44
232	138
233	139
234	140
235	141
236	131
237	142
238	87
239	120
240	143
241	144
242	145
243	79
244	146
245	147
246	41
247	148
248	51
249	124
250	47
251	45
252	149
253	150
254	151
255	152
256	124
257	79
258	151
259	153
260	80
261	154
262	15
263	155
264	156
265	157
266	103
267	17
268	96
269	158
270	17
271	26
272	159
273	160
274	17
275	37
276	123
277	29
278	23
279	0
280	156
281	17
282	0
283	161
284	162
285	163
286	164
287	165
288	166
289	167
290	168
291	70
292	169
293	170
294	171
295	172
296	173
297	102
298	47
299	130
300	127
301	174
302	9
303	175
304	24
305	158
306	176
307	177
308	178
309	179
310	83
311	180
312	114
313	181
314	182
315	53
316	47
317	183
318	184
319	185
320	17
321	186
322	187
323	188
324	189
325	181
326	84
327	15
328	4
329	15
330	15
331	190
332	168
333	191
334	89
335	192
336	193
337	194
338	195
339	60
340	196
341	123
342	14
343	28
344	161
345	24
346	42
347	197
348	125
349	198
350	31
351	47
352	199
353	198
354	67
355	128
356	126
357	166
358	200
359	10
360	201
361	123
362	37
363	96
364	42
365	127
366	202
367	203
368	153
369	106
370	118
371	161
372	204
373	125
374	123
375	205
376	206
377	207
378	208
379	83
380	209
381	210
382	153
383	42
384	82
385	114
386	71
387	148
388	211
389	212
390	213
391	214
392	213
393	24
394	215
395	161
396	215
397	148
398	216
399	217
400	218
401	20
402	128
403	13
404	40
405	219
406	220
407	221
408	222
409	223
410	224
411	225
412	226
413	151
414	227
415	155
416	228
417	146
418	51
419	36
420	67
421	147
422	50
423	229
424	204
425	210
426	230
427	23
428	117
429	63
430	231
431	232
432	101
433	226
434	59
435	201
436	226
437	215
438	47
439	233
440	171
441	131
442	234
443	2
444	201
445	168
446	235
447	236
448	237
449	238
450	153
451	239
452	79
453	240
454	104
455	49
456	241
457	242
458	243
459	155
460	244
461	245
462	246
463	212
464	247
465	93
466	180
467	160
468	29
469	248
470	249
471	250
472	23
473	251
474	97
475	64
476	143
477	48
478	252
479	253
480	254
481	13
482	104
483	255
484	82
485	107
486	256
487	187
488	257
489	173
490	211
491	83
492	216
493	146
494	258
495	24
496	89
497	201
498	259
499	115
500	260
501	261
502	262
503	263
504	264
505	41
506	37
507	78
508	120
509	10
510	265
511	26
512	125
513	226
514	234
515	196
516	266
517	111
518	201
519	37
520	203
521	29
522	267
523	189
524	110
525	268
526	37
527	269
528	270
529	126
530	137
531	271
532	272
533	273
534	274
535	223
536	275
537	276
538	277
539	211
540	278
541	279
542	194
543	92
544	280
545	9
546	204
547	272
548	281
549	274
550	282
551	20
552	163
553	283
554	284
555	2
556	285
557	286
558	196
559	218
560	92
561	287
562	92
563	12
564	28
565	288
566	48
567	289
568	83
569	165
570	37
571	196
572	290
573	291
574	92
575	211
576	287
577	292
578	269
579	293
580	87
581	23
582	267
583	37
584	294
585	0
586	77
587	295
588	102
589	68
590	218
591	83
592	130
593	296
594	287
595	297
596	234
597	298
598	299
599	128
600	300
601	301
602	302
603	152
604	156
605	303
606	304
607	305
608	196
609	306
610	307
611	185
612	264
613	308
614	309
615	310
616	311
617	302
618	156
619	312
620	17
621	186
622	265
623	225
624	313
625	314
626	37
627	315
628	215
629	171
630	316
631	37
632	43
633	83
634	317
635	318
636	319
637	163
638	29
639	230
640	320
641	321
642	196
643	131
644	70
645	77
646	35
647	322
648	323
649	324
650	325
651	31
652	326
653	208
654	267
655	211
656	211
657	196
658	327
659	46
660	67
661	31
662	328
663	319
664	329
665	330
666	313
667	331
668	202
669	332
670	174
671	186
672	94
673	37
674	316
675	118
676	333
677	334
678	64
679	335
680	336
681	337
682	165
683	338
684	339
685	9
686	186
687	340
688	286
689	200
690	167
691	67
692	51
693	29
694	168
695	109
696	341
697	283
698	332
699	179
700	268
701	342
702	78
703	343
704	161
705	234
706	344
707	345
708	24
709	124
710	77
711	346
712	156
713	164
714	347
715	88
716	196
717	348
718	148
719	349
720	279
721	92
722	161
723	350
724	230
725	351
726	36
727	352
728	353
729	304
730	131
731	354
732	355
733	356
734	357
735	84
736	358
737	359
738	360
739	269
740	361
741	362
742	197
743	363
744	313
745	364
746	365
747	321
748	366
749	129
750	367
751	290
752	368
753	369
754	370
755	371
756	29
757	173
758	365
759	354
760	372
761	95
762	346
763	291
764	339
765	97
766	373
767	374
768	211
769	50
770	204
771	375
772	376
773	377
774	378
775	379
776	350
777	380
778	83
779	381
780	331
781	382
782	383
783	29
784	384
785	385
786	386
787	387
788	321
789	45
790	193
791	351
792	388
793	294
794	155
795	342
796	79
797	211
798	389
799	327
800	390
801	48
802	24
803	391
804	392
805	234
806	393
807	42
808	339
809	186
810	394
811	104
812	50
813	274
814	395
815	396
816	114
817	79
818	176
819	269
820	397
821	161
822	398
823	124
824	272
825	176
826	165
827	185
828	165
829	209
830	42
831	399
832	369
833	193
834	96
835	400
836	67
837	401
838	402
839	244
840	403
841	404
842	405
843	70
844	302
845	406
846	407
847	321
848	221
849	161
850	130
851	408
852	409
853	410
854	411
855	412
856	72
857	293
858	413
859	360
860	323
861	414
862	36
863	398
864	377
865	415
866	291
867	19
868	416
869	220
870	352
871	259
872	276
873	34
874	372
875	417
876	321
877	268
878	418
879	245
880	419
881	37
882	207
883	116
884	420
885	288
886	421
887	422
888	423
889	424
890	47
891	425
892	426
893	302
894	427
895	428
896	18
897	12
898	429
899	52
900	291
901	309
902	137
903	50
904	163
905	249
906	33
907	148
908	367
909	197
910	430
911	116
912	431
913	123
914	390
915	13
916	432
917	433
918	434
919	291
920	103
921	399
922	435
923	325
924	436
925	437
926	438
927	71
928	439
929	440
930	441
931	423
932	442
933	443
934	444
935	445
936	446
937	235
938	447
939	26
940	448
941	449
942	321
943	17
944	67
945	450
946	451
947	452
948	268
949	453
950	454
951	254
952	423
953	232
954	455
955	456
956	457
957	458
958	418
959	459
960	288
961	441
962	5
963	460
964	399
965	321
966	461
967	104
968	462
969	335
970	463
971	128
972	321
973	174
974	464
975	60
976	465
977	210
978	401
979	387
980	439
981	466
982	467
983	187
984	468
985	469
986	470
987	471
988	57
989	51
990	161
991	405
992	391
993	472
994	473
995	198
996	474
997	267
998	475
999	296
1000	476
1001	196
1002	477
1003	148
1004	37
1005	95
1006	134
1007	118
1008	67
1009	478
1010	358
1011	214
1012	273
1013	381
1014	138
1015	365
1016	415
1017	138
1018	479
1019	148
1020	198
1021	480
1022	481
1023	128
1024	482
1025	483
1026	484
1027	485
1028	486
1029	487
1030	437
1031	3
1032	293
1033	400
1034	102
1035	50
1036	488
1037	351
1038	479
1039	489
1040	367
1041	242
1042	288
1043	206
1044	130
1045	335
1046	118
1047	270
1048	490
1049	269
1050	101
1051	334
1052	72
1053	263
1054	491
1055	492
1056	493
1057	349
1058	477
1059	28
1060	237
1061	493
1062	277
1063	494
1064	396
1065	495
1066	496
1067	497
1068	155
1069	397
1070	419
1071	185
1072	77
1073	498
1074	499
1075	500
1076	501
1077	502
1078	2
1079	104
1080	503
1081	504
1082	365
1083	505
1084	506
1085	507
1086	508
1087	509
1088	77
1089	330
1090	53
1091	432
1092	183
1093	510
1094	14
1095	35
1096	511
1097	512
1098	513
1099	514
1100	221
1101	274
1102	272
1103	511
1104	515
1105	516
1106	517
1107	154
1108	518
1109	519
1110	287
1111	111
1112	520
1113	202
1114	521
1115	168
1116	197
1117	492
1118	407
1119	522
1120	523
1121	98
1122	524
1123	155
1124	457
1125	525
1126	526
1127	322
1128	527
1129	528
1130	529
1131	530
1132	463
1133	183
1134	531
1135	532
1136	533
1137	360
1138	419
1139	534
1140	433
1141	535
1142	92
1143	536
1144	340
1145	537
1146	358
1147	538
1148	539
1149	42
1150	187
1151	540
1152	418
1153	130
1154	79
1155	20
1156	482
1157	32
1158	67
1159	541
1160	489
1161	542
1162	42
1163	543
1164	415
1165	319
1166	433
1167	236
1168	302
1169	434
1170	215
1171	132
1172	156
1173	327
1174	331
1175	227
1176	522
1177	302
1178	77
1179	428
1180	1
1181	521
1182	544
1183	498
1184	37
1185	194
1186	545
1187	159
1188	254
1189	546
1190	52
1191	547
1192	439
1193	3
1194	390
1195	548
1196	284
1197	527
1198	549
1199	241
1200	382
1201	550
1202	381
1203	551
1204	552
1205	321
1206	415
1207	503
1208	37
1209	128
1210	553
1211	367
1212	554
1213	342
1214	555
1215	538
1216	542
1217	130
1218	77
1219	556
1220	557
1221	453
1222	558
1223	232
1224	302
1225	249
1226	309
1227	497
1228	559
1229	492
1230	469
1231	560
1232	123
1233	164
1234	395
1235	402
1236	173
1237	561
1238	562
1239	244
1240	47
1241	482
1242	479
1243	563
1244	304
1245	564
1246	565
1247	372
1248	127
1249	566
1250	461
1251	567
1252	568
1253	569
1254	465
1255	387
1256	464
1257	360
1258	570
1259	571
1260	541
1261	572
1262	573
1263	162
1264	473
1265	574
1266	575
1267	576
1268	577
1269	444
1270	560
1271	578
1272	459
1273	350
1274	579
1275	425
1276	580
1277	235
1278	381
1279	581
1280	370
1281	582
1282	190
1283	583
1284	189
1285	584
1286	103
1287	585
1288	124
1289	328
1290	23
1291	7
1292	586
1293	416
1294	226
1295	131
1296	274
1297	270
1298	587
1299	418
1300	588
1301	589
1302	69
1303	590
1304	76
1305	591
1306	440
1307	592
1308	363
1309	330
1310	76
1311	387
1312	593
1313	17
1314	464
1315	135
1316	594
1317	595
1318	271
1319	596
1320	597
1321	444
1322	598
1323	599
1324	514
1325	600
1326	601
1327	602
1328	83
1329	596
1330	603
1331	604
1332	605
1333	528
1334	544
1335	238
1336	431
1337	606
1338	64
1339	607
1340	608
1341	605
1342	402
1343	268
1344	291
1345	335
1346	609
1347	305
1348	463
1349	460
1350	140
1351	610
1352	230
1353	611
1354	186
1355	23
1356	57
1357	104
1358	195
1359	418
1360	233
1361	601
1362	340
1363	612
1364	233
1365	47
1366	270
1367	282
1368	613
1369	236
1370	419
1371	59
1372	185
1373	143
1374	542
1375	223
1376	292
1377	292
1378	614
1379	615
1380	324
1381	545
1382	195
1383	432
1384	282
1385	200
1386	616
1387	541
1388	201
1389	617
1390	35
1391	211
1392	618
1393	601
1394	194
1395	463
1396	619
1397	620
1398	621
1399	622
1400	623
1401	330
1402	528
1403	439
1404	267
1405	321
1406	624
1407	625
1408	244
1409	298
1410	626
1411	627
1412	603
1413	48
1414	321
1415	628
1416	629
1417	473
1418	630
1419	631
1420	632
1421	259
1422	633
1423	419
1424	634
1425	635
1426	542
1427	382
1428	538
1429	408
1430	327
1431	449
1432	520
1433	636
1434	637
1435	346
1436	208
1437	556
1438	638
1439	238
1440	639
1441	160
1442	422
1443	640
1444	49
1445	433
1446	641
1447	436
1448	42
1449	642
1450	17
1451	104
1452	327
1453	643
1454	204
1455	644
1456	645
1457	105
1458	112
1459	646
1460	647
1461	344
1462	648
1463	47
1464	119
1465	649
1466	168
1467	650
1468	651
1469	652
1470	653
1471	398
1472	561
1473	481
1474	335
1475	296
1476	151
1477	654
1478	655
1479	498
1480	656
1481	657
1482	658
1483	659
1484	35
1485	660
1486	661
1487	559
1488	662
1489	46
1490	70
1491	351
1492	104
1493	663
1494	98
1495	532
1496	664
1497	651
1498	665
1499	666
1500	428
1501	74
1502	434
1503	130
1504	360
1505	37
1506	667
1507	466
1508	111
1509	5
1510	499
1511	47
1512	668
1513	669
1514	590
1515	670
1516	167
1517	671
1518	148
1519	672
1520	415
1521	673
1522	387
1523	674
1524	202
1525	42
1526	675
1527	465
1528	609
1529	434
1530	298
1531	676
1532	14
1533	13
1534	201
1535	677
1536	28
1537	153
1538	678
1539	679
1540	659
1541	128
1542	593
1543	431
1544	14
1545	427
1546	288
1547	626
1548	67
1549	134
1550	680
1551	321
1552	321
1553	365
1554	544
1555	538
1556	159
1557	681
1558	525
1559	102
1560	682
1561	683
1562	684
1563	685
1564	18
1565	686
1566	340
1567	545
1568	259
1569	687
1570	688
1571	231
1572	249
1573	231
1574	689
1575	690
1576	691
1577	592
1578	692
1579	505
1580	226
1581	527
1582	693
1583	472
1584	563
1585	95
1586	231
1587	17
1588	302
1589	23
1590	694
1591	490
1592	269
1593	5
1594	695
1595	696
1596	106
1597	467
1598	11
1599	307
1600	697
1601	698
1602	220
1603	699
1604	185
1605	95
1606	700
1607	701
1608	702
1609	703
1610	704
1611	395
1612	705
1613	148
1614	706
1615	707
1616	708
1617	481
1618	709
1619	457
1620	710
1621	241
1622	240
1623	711
1624	712
1625	545
1626	713
1627	714
1628	715
1629	716
1630	269
1631	717
1632	718
1633	102
1634	354
1635	719
1636	451
1637	720
1638	721
1639	722
1640	723
1641	335
1642	518
1643	312
1644	422
1645	724
1646	430
1647	476
1648	725
1649	726
1650	727
1651	728
1652	638
1653	250
1654	729
1655	547
1656	499
1657	102
1658	730
1659	731
1660	732
1661	430
1662	733
1663	686
1664	734
1665	735
1666	736
1667	737
1668	738
1669	168
1670	11
1671	739
1672	643
1673	740
1674	741
1675	742
1676	743
1677	744
1678	745
1679	138
1680	746
1681	436
1682	83
1683	294
1684	523
1685	747
1686	748
1687	316
1688	749
1689	750
1690	158
1691	268
1692	37
1693	751
1694	97
1695	486
1696	418
1697	128
1698	662
1699	163
1700	105
1701	722
1702	9
1703	234
1704	752
1705	465
1706	138
1707	70
1708	527
1709	159
1710	173
1711	198
1712	638
1713	348
1714	609
1715	68
1716	364
1717	475
1718	753
1719	95
1720	17
1721	304
1722	31
1723	754
1724	755
1725	367
1726	186
1727	351
1728	622
1729	464
1730	468
1731	521
1732	47
1733	756
1734	757
1735	758
1736	759
1737	527
1738	282
1739	544
1740	574
1741	760
1742	761
1743	80
1744	762
1745	763
1746	444
1747	454
1748	764
1749	765
1750	18
1751	595
1752	518
1753	766
1754	41
1755	71
1756	103
1757	767
1758	768
1759	769
1760	577
1761	770
1762	771
1763	418
1764	772
1765	642
1766	130
1767	196
1768	272
1769	590
1770	84
1771	283
1772	193
1773	282
1774	392
1775	773
1776	241
1777	468
1778	274
1779	255
1780	130
1781	748
1782	542
1783	498
1784	370
1785	373
1786	26
1787	162
1788	293
1789	316
1790	469
1791	774
1792	288
1793	775
1794	441
1795	367
1796	776
1797	777
1798	778
1799	689
1800	358
1801	779
1802	223
1803	780
1804	284
1805	123
1806	272
1807	321
1808	77
1809	425
1810	781
1811	205
1812	37
1813	709
1814	110
1815	151
1816	782
1817	642
1818	500
1819	56
1820	783
1821	204
1822	601
1823	132
1824	784
1825	638
1826	785
1827	440
1828	241
1829	511
1830	296
1831	104
1832	476
1833	609
1834	786
1835	11
1836	787
1837	788
1838	789
1839	163
1840	47
1841	379
1842	600
1843	204
1844	427
1845	790
1846	332
1847	24
1848	596
1849	791
1850	792
1851	574
1852	541
1853	793
1854	794
1855	795
1856	312
1857	118
1858	570
1859	796
1860	797
1861	296
1862	559
1863	440
1864	798
1865	799
1866	800
1867	801
1868	408
1869	642
1870	802
1871	803
1872	468
1873	804
1874	286
1875	508
1876	302
1877	192
1878	805
1879	806
1880	807
1881	808
1882	432
1883	809
1884	638
1885	810
1886	811
1887	812
1888	596
1889	813
1890	814
1891	98
1892	815
1893	816
1894	817
1895	818
1896	819
1897	820
1898	542
1899	620
1900	821
1901	822
1902	433
1903	404
1904	498
1905	401
1906	241
1907	618
1908	346
1909	528
1910	823
1911	464
1912	824
1913	722
1914	430
1915	410
1916	702
1917	447
1918	825
1919	826
1920	827
1921	376
1922	638
1923	828
1924	829
1925	830
1926	831
1927	677
1928	143
1929	832
1930	833
1931	780
1932	383
1933	330
1934	834
1935	12
1936	835
1937	769
1938	836
1939	837
1940	838
1941	800
1942	327
1943	839
1944	840
1945	17
1946	841
1947	842
1948	843
1949	844
1950	486
1951	380
1952	845
1953	229
1954	542
1955	722
1956	132
1957	587
1958	846
1959	230
1960	250
1961	658
1962	847
1963	603
1964	848
1965	849
1966	850
1967	138
1968	270
1969	339
1970	851
1971	350
1972	277
1973	852
1974	624
1975	853
1976	733
1977	854
1978	855
1979	651
1980	650
1981	364
1982	155
1983	607
1984	26
1985	489
1986	476
1987	294
1988	135
1989	856
1990	170
1991	385
1992	857
1993	397
1994	858
1995	148
1996	859
1997	860
1998	861
1999	430
2000	508
2001	714
2002	862
2003	486
2004	863
2005	843
2006	305
2007	864
2008	865
2009	273
2010	302
2011	363
2012	195
2013	440
2014	321
2015	620
2016	748
2017	638
2018	564
2019	866
2020	867
2021	154
2022	305
2023	148
2024	748
2025	868
2026	648
2027	629
2028	201
2029	94
2030	432
2031	603
2032	869
2033	601
2034	870
2035	444
2036	871
2037	358
2038	872
2039	873
2040	874
2041	626
2042	759
2043	875
2044	127
2045	876
2046	877
2047	763
2048	878
2049	405
2050	879
2051	738
2052	417
2053	129
2054	226
2055	526
2056	880
2057	689
2058	321
2059	881
2060	185
2061	882
2062	350
2063	358
2064	472
2065	787
2066	111
2067	757
2068	883
2069	2
2070	884
2071	176
2072	885
2073	886
2074	772
2075	887
2076	466
2077	37
2078	123
2079	37
2080	888
2081	161
2082	234
2083	245
2084	889
2085	890
2086	891
2087	151
2088	32
2089	351
2090	747
2091	769
2092	211
2093	334
2094	683
2095	221
2096	531
2097	892
2098	713
2099	787
2100	23
2101	893
2102	787
2103	405
2104	894
2105	895
2106	896
2107	897
2108	898
2109	567
2110	899
2111	900
2112	439
2113	659
2114	698
2115	901
2116	848
2117	902
2118	613
2119	436
2120	272
2121	903
2122	904
2123	905
2124	698
2125	112
2126	79
2127	906
2128	881
2129	665
2130	225
2131	574
2132	907
2133	519
2134	52
2135	908
2136	909
2137	910
2138	911
2139	392
2140	486
2141	912
2142	820
2143	143
2144	149
2145	440
2146	49
2147	224
2148	913
2149	914
2150	915
2151	916
2152	917
2153	508
2154	918
2155	196
2156	919
2157	418
2158	519
2159	920
2160	921
2161	464
2162	922
2163	451
2164	923
2165	288
2166	924
2167	104
2168	133
2169	925
2170	506
2171	230
2172	926
2173	418
2174	927
2175	772
2176	928
2177	929
2178	11
2179	112
2180	930
2181	931
2182	932
2183	933
2184	934
2185	935
2186	698
2187	549
2188	225
2189	936
2190	937
2191	272
2192	391
2193	689
2194	938
2195	118
2196	1
2197	377
2198	382
2199	196
2200	56
2201	939
2202	149
2203	486
2204	829
2205	689
2206	940
2207	805
2208	430
2209	689
2210	32
2211	600
2212	941
2213	238
2214	238
2215	317
2216	222
2217	596
2218	942
2219	943
2220	489
2221	418
2222	944
2223	794
2224	945
2225	466
2226	769
2227	76
2228	383
2229	765
2230	946
2231	947
2232	948
2233	949
2234	950
2235	951
2236	685
2237	952
2238	650
2239	645
2240	953
2241	829
2242	954
2243	827
2244	715
2245	147
2246	754
2247	955
2248	320
2249	956
2250	957
2251	958
2252	52
2253	928
2254	578
2255	614
2256	959
2257	502
2258	310
2259	960
2260	333
2261	961
2262	962
2263	963
2264	964
2265	965
2266	441
2267	966
2268	879
2269	871
2270	255
2271	556
2272	372
2273	967
2274	542
2275	908
2276	323
2277	42
2278	573
2279	787
2280	338
2281	79
2282	97
2283	968
2284	107
2285	650
2286	969
2287	143
2288	970
2289	390
2290	971
2291	972
2292	973
2293	974
2294	975
2295	976
2296	977
2297	978
2298	170
2299	228
2300	250
2301	979
2302	545
2303	164
2304	482
2305	322
2306	270
2307	845
2308	240
2309	59
2310	980
2311	916
2312	613
2313	981
2314	186
2315	600
2316	94
2317	128
2318	424
2319	911
2320	193
2321	982
2322	976
2323	415
2324	112
2325	689
2326	114
2327	795
2328	983
2329	464
2330	984
2331	267
2332	985
2333	802
2334	47
2335	986
2336	272
2337	987
2338	459
2339	689
2340	988
2341	866
2342	989
2343	564
2344	459
2345	123
2346	753
2347	990
2348	991
2349	204
2350	992
2351	105
2352	335
2353	993
2354	994
2355	446
2356	995
2357	781
2358	23
2359	682
2360	190
2361	126
2362	996
2363	84
2364	539
2365	997
2366	689
2367	998
2368	999
2369	1000
2370	235
2371	549
2372	1001
2373	1002
2374	1003
2375	228
2376	164
2377	1004
2378	802
2379	1005
2380	555
2381	787
2382	1006
2383	106
2384	1007
2385	1008
2386	1009
2387	1010
2388	1011
2389	1012
2390	310
2391	0
2392	1013
2393	414
2394	620
2395	683
2396	421
2397	464
2398	1014
2399	574
2400	788
2401	1015
2402	328
2403	1016
2404	974
2405	624
2406	395
2407	719
2408	1017
2409	1018
2410	1019
2411	615
2412	5
2413	1020
2414	1021
2415	1022
2416	269
2417	1023
2418	1024
2419	367
2420	162
2421	1025
2422	1026
2423	1027
2424	1028
2425	1029
2426	217
2427	1030
2428	130
2429	1031
2430	818
2431	1032
2432	1033
2433	1034
2434	1035
2435	1036
2436	77
2437	105
2438	1037
2439	1038
2440	1039
2441	109
2442	1040
2443	335
2444	851
2445	230
2446	350
2447	1041
2448	326
2449	465
2450	87
2451	1042
2452	1043
2453	36
2454	428
2455	259
2456	1044
2457	570
2458	1045
2459	224
2460	1046
2461	689
2462	1047
2463	1048
2464	1049
2465	409
2466	1050
2467	689
2468	1051
2469	1052
2470	827
2471	245
2472	1053
2473	1054
2474	1055
2475	1056
2476	689
2477	1057
2478	497
2479	1058
2480	1059
2481	754
2482	1060
2483	459
2484	1061
2485	1062
2486	1063
2487	1064
2488	932
2489	638
2490	1065
2491	1066
2492	1067
2493	834
2494	1068
2495	1069
2496	1070
2497	65
2498	220
2499	123
2500	845
2501	202
2502	161
2503	105
2504	2
2505	318
2506	241
2507	1071
2508	37
2509	1072
2510	265
2511	1073
2512	1035
2513	76
2514	203
2515	1074
2516	365
2517	890
2518	486
2519	23
2520	787
2521	1075
2522	1076
2523	168
2524	79
2525	517
2526	272
2527	1077
2528	1078
2529	1079
2530	418
2531	515
2532	138
2533	1080
2534	49
2535	48
2536	1081
2537	428
2538	1082
2539	760
2540	1083
2541	639
2542	1084
2543	1052
2544	1085
2545	335
2546	1086
2547	1087
2548	1088
2549	988
2550	1089
2551	491
2552	397
2553	1090
2554	474
2555	1091
2556	1092
2557	913
2558	689
2559	1093
2560	1060
2561	596
2562	1020
2563	1094
2564	1095
2565	1096
2566	347
2567	1097
2568	1098
2569	923
2570	1099
2571	1100
2572	143
2573	1101
2574	207
2575	1102
2576	736
2577	904
2578	1103
2579	1104
2580	1105
2581	1106
2582	1107
2583	1108
2584	1109
2585	1110
2586	1111
2587	1112
2588	564
2589	689
2590	1113
2591	1114
2592	101
2593	1115
2594	250
2595	984
2596	370
2597	1116
2598	277
2599	1117
2600	1118
2601	1119
2602	512
2603	1120
2604	1121
2605	1122
2606	1123
2607	1124
2608	1125
2609	519
2610	689
2611	1126
2612	1066
2613	1127
2614	22
2615	1128
2616	501
2617	1129
2618	689
2619	1130
2620	1131
2621	1132
2622	1133
2623	999
2624	1134
2625	834
2626	1135
2627	425
2628	444
2629	1136
2630	1001
2631	1137
2632	1138
2633	661
2634	497
2635	1139
2636	1140
2637	1141
2638	1142
2639	1143
2640	1144
2641	1145
2642	1146
2643	1147
2644	1148
2645	1149
2646	365
2647	1150
2648	34
2649	1151
2650	1152
2651	321
2652	1153
2653	459
2654	446
2655	288
2656	1154
2657	77
2658	70
2659	475
2660	810
2661	675
2662	1155
2663	787
2664	1156
2665	822
2666	420
2667	1104
2668	259
2669	393
2670	542
2671	991
2672	992
2673	489
2674	135
2675	1157
2676	1158
2677	1159
2678	1160
2679	47
2680	432
2681	610
2682	1161
2683	1162
2684	193
2685	1163
2686	1164
2687	1165
2688	1166
2689	856
2690	118
2691	1167
2692	1060
2693	1101
2694	1168
2695	945
2696	1169
2697	470
2698	1170
2699	217
2700	1171
2701	1172
2702	335
2703	105
2704	932
2705	950
2706	608
2707	766
2708	1122
2709	1010
2710	260
2711	310
2712	946
2713	272
2714	669
2715	106
2716	119
2717	415
2718	491
2719	196
2720	823
2721	1173
2722	1174
2723	1175
2724	608
2725	621
2726	1176
2727	1177
2728	439
2729	1178
2730	931
2731	1179
2732	941
2733	1180
2734	1181
2735	1182
2736	1183
2737	286
2738	1184
2739	170
2740	1185
2741	144
2742	467
2743	321
2744	1186
2745	1187
2746	1188
2747	1189
2748	1190
2749	913
2750	1191
2751	1192
2752	1193
2753	1194
2754	894
2755	1195
2756	376
2757	162
2758	1196
2759	834
2760	1197
2761	851
2762	1198
2763	1199
2764	852
2765	1117
2766	391
2767	1200
2768	320
2769	1131
2770	1201
2771	325
2772	218
2773	1086
2774	781
2775	161
2776	1202
2777	1111
2778	1117
2779	1203
2780	1204
2781	1205
2782	312
2783	1206
2784	1153
2785	1075
2786	1207
2787	1110
2788	1208
2789	1209
2790	276
2791	1210
2792	1211
2793	405
2794	37
2795	162
2796	1212
2797	622
2798	132
2799	132
2800	762
2801	50
2802	1213
2803	109
2804	1214
2805	538
2806	1215
2807	165
2808	452
2809	145
2810	525
2811	250
2812	1216
2813	1217
2814	1218
2815	1130
2816	1219
2817	1220
2818	1221
2819	396
2820	1222
2821	502
2822	1223
2823	1224
2824	385
2825	610
2826	402
2827	382
2828	486
2829	925
2830	1218
2831	1093
2832	1225
2833	1226
2834	683
2835	1227
2836	339
2837	682
2838	391
2839	1228
2840	472
2841	764
2842	245
2843	777
2844	462
2845	71
2846	1229
2847	477
2848	183
2849	1230
2850	1231
2851	1232
2852	1233
2853	1234
2854	1235
2855	689
2856	345
2857	1048
2858	432
2859	1236
2860	754
2861	1237
2862	583
2863	147
2864	1238
2865	1239
2866	1240
2867	1241
2868	1242
2869	589
2870	1243
2871	1244
2872	430
2873	1245
2874	19
2875	851
2876	1039
2877	316
2878	1246
2879	1247
2880	1248
2881	183
2882	720
2883	1249
2884	1250
2885	1251
2886	196
2887	1252
2888	292
2889	126
2890	1126
2891	1253
2892	1254
2893	254
2894	139
2895	1255
2896	760
2897	559
2898	348
2899	358
2900	890
2901	587
2902	1256
2903	1257
2904	512
2905	130
2906	234
2907	671
2908	520
2909	1015
2910	864
2911	1090
2912	1258
2913	204
2914	590
2915	618
2916	1259
2917	323
2918	1260
2919	523
2920	1261
2921	1262
2922	817
2923	1263
2924	110
2925	5
2926	1264
2927	638
2928	1265
2929	945
2930	1187
2931	863
2932	601
2933	1266
2934	1267
2935	1268
2936	1269
2937	1270
2938	878
2939	1271
2940	1272
2941	1273
2942	1274
2943	1275
2944	512
2945	1276
2946	1277
2947	323
2948	37
2949	1278
2950	1279
2951	1280
2952	1281
2953	1174
2954	1282
2955	1283
2956	519
2957	1284
2958	1285
2959	241
2960	116
2961	1286
2962	1048
2963	1285
2964	580
2965	787
2966	47
2967	1287
2968	387
2969	902
2970	201
2971	796
2972	387
2973	1288
2974	392
2975	1289
2976	82
2977	1102
2978	917
2979	1219
2980	1290
2981	1291
2982	1292
2983	710
2984	1293
2985	603
2986	1294
2987	254
2988	1028
2989	334
2990	789
2991	1295
2992	870
2993	415
2994	466
2995	1296
2996	1297
2997	1155
2998	1298
2999	976
3000	1299
3001	1300
3002	574
3003	465
3004	553
3005	392
3006	1301
3007	967
3008	432
3009	427
3010	180
3011	1302
3012	377
3013	1111
3014	997
3015	1303
3016	1304
3017	1305
3018	1306
3019	1263
3020	581
3021	1307
3022	1308
3023	1309
3024	631
3025	1215
3026	1310
3027	23
3028	20
3029	1038
3030	204
3031	1311
3032	486
3033	745
3034	1312
3035	1313
3036	753
3037	647
3038	1314
3039	1315
3040	1316
3041	501
3042	1317
3043	1318
3044	1319
3045	1320
3046	925
3047	1321
3048	837
3049	1322
3050	1323
3051	1324
3052	1325
3053	1326
3054	148
3055	714
3056	1327
3057	1328
3058	796
3059	1329
3060	432
3061	1330
3062	1218
3063	1331
3064	18
3065	466
3066	1332
3067	852
3068	674
3069	1333
3070	1190
3071	405
3072	1334
3073	1335
3074	1336
3075	589
3076	1269
3077	126
3078	1337
3079	928
3080	1338
3081	1339
3082	1340
3083	1341
3084	1342
3085	1343
3086	1344
3087	1345
3088	1252
3089	1234
3090	1346
3091	1347
3092	594
3093	732
3094	1348
3095	1349
3096	1350
3097	1351
3098	1352
3099	1290
3100	1353
3101	1354
3102	1355
3103	1356
3104	475
3105	1357
3106	1203
3107	1358
3108	1359
3109	1360
3110	1361
3111	725
3112	1106
3113	1362
3114	555
3115	1363
3116	283
3117	1364
3118	675
3119	1365
3120	999
3121	1366
3122	1367
3123	1368
3124	1369
3125	1370
3126	663
3127	449
3128	1271
3129	1371
3130	1153
3131	1372
3132	1373
3133	17
3134	618
3135	1374
3136	590
3137	488
3138	565
3139	1375
3140	268
3141	574
3142	1160
3143	933
3144	1286
3145	1376
3146	1173
3147	376
3148	1377
3149	454
3150	944
3151	1378
3152	84
3153	1379
3154	1380
3155	88
3156	521
3157	1381
3158	938
3159	1382
3160	1166
3161	989
3162	913
3163	950
3164	1383
3165	987
3166	1384
3167	1385
3168	945
3169	1386
3170	1124
3171	1387
3172	1388
3173	1037
3174	1389
3175	1390
3176	1391
3177	1392
3178	1393
3179	1394
3180	1395
3181	1396
3182	1397
3183	130
3184	417
3185	1398
3186	1399
3187	1400
3188	1401
3189	683
3190	863
3191	1402
3192	1403
3193	1404
3194	1405
3195	1236
3196	1275
3197	1406
3198	1407
3199	1408
3200	1409
3201	1410
3202	1285
3203	1411
3204	165
3205	1412
3206	1413
3207	421
3208	612
3209	83
3210	1414
3211	335
3212	459
3213	1415
3214	1416
3215	1157
3216	1417
3217	684
3218	1418
3219	1419
3220	1420
3221	84
3222	1421
3223	542
3224	505
3225	1422
3226	1216
3227	1423
3228	1424
3229	753
3230	1425
3231	1426
3232	1060
3233	1427
3234	324
3235	1428
3236	770
3237	1038
3238	56
3239	924
3240	1429
3241	1060
3242	1430
3243	945
3244	1431
3245	1102
3246	423
3247	1432
3248	807
3249	971
3250	1433
3251	1434
3252	1435
3253	1436
3254	1437
3255	1438
3256	1439
3257	1440
3258	597
3259	1441
3260	1442
3261	587
3262	1443
3263	1444
3264	1445
3265	956
3266	529
3267	1446
3268	1447
3269	1448
3270	1431
3271	1449
3272	1450
3273	1451
3274	539
3275	651
3276	1452
3277	1453
3278	682
3279	1454
3280	1108
3281	971
3282	1455
3283	788
3284	948
3285	1456
3286	1457
3287	1215
3288	322
3289	1458
3290	1117
3291	1459
3292	1460
3293	1461
3294	1462
3295	254
3296	1463
3297	1087
3298	1464
3299	1465
3300	682
3301	1466
3302	1467
3303	415
3304	446
3305	16
3306	1236
3307	148
3308	87
3309	1467
3310	347
3311	1468
3312	1297
3313	294
3314	438
3315	418
3316	1469
3317	1467
3318	828
3319	661
3320	1470
3321	1471
3322	358
3323	1083
3324	1157
3325	625
3326	1083
3327	1472
3328	601
3329	1473
3330	595
3331	1090
3332	1474
3333	47
3334	1438
3335	1359
3336	118
3337	814
3338	1475
3339	1476
3340	1373
3341	182
3342	1323
3343	1477
3344	1203
3345	1209
3346	1478
3347	1479
3348	1480
3349	419
3350	1459
3351	1481
3352	578
3353	566
3354	1482
3355	1483
3356	1484
3357	581
3358	1485
3359	1293
3360	1486
3361	1487
3362	1488
3363	1489
3364	1426
3365	415
3366	1490
3367	1491
3368	321
3369	1492
3370	769
3371	348
3372	1493
3373	1494
3374	1495
3375	1496
3376	1497
3377	490
3378	398
3379	1498
3380	136
3381	700
3382	1499
3383	259
3384	1500
3385	1501
3386	204
3387	53
3388	51
3389	1427
3390	612
3391	1502
3392	1503
3393	892
3394	68
3395	1504
3396	1505
3397	1094
3398	1506
3399	1507
3400	1508
3401	904
3402	0
3403	1509
3404	318
3405	1510
3406	603
3407	1156
3408	77
3409	933
3410	1511
3411	1512
3412	346
3413	1513
3414	365
3415	1514
3416	1157
3417	10
3418	244
3419	200
3420	119
3421	1515
3422	1235
3423	464
3424	432
3425	1516
3426	1517
3427	1235
3428	367
3429	499
3430	1518
3431	366
3432	1519
3433	769
3434	921
3435	1520
3436	1521
3437	1522
3438	1523
3439	1524
3440	1525
3441	566
3442	1206
3443	1526
3444	1527
3445	1528
3446	1529
3447	1045
3448	1530
3449	935
3450	1531
3451	1532
3452	1533
3453	684
3454	1534
3455	1478
3456	1535
3457	1536
3458	1339
3459	923
3460	397
3461	1537
3462	1124
3463	1538
3464	1539
3465	647
3466	1540
3467	1541
3468	1542
3469	1142
3470	1361
3471	1543
3472	466
3473	1544
3474	1545
3475	1546
3476	1547
3477	402
3478	1548
3479	1549
3480	1550
3481	1359
3482	1406
3483	1179
3484	1551
3485	1277
3486	1382
3487	1511
3488	653
3489	1552
3490	609
3491	1553
3492	321
3493	981
3494	761
3495	1554
3496	1555
3497	1556
3498	1557
3499	432
3500	1558
3501	1559
3502	1064
3503	1560
3504	1561
3505	1562
3506	1563
3507	662
3508	1564
3509	1073
3510	1565
3511	1566
3512	1567
3513	891
3514	1568
3515	32
3516	1285
3517	1569
3518	890
3519	1570
3520	920
3521	1571
3522	164
3523	1572
3524	920
3525	1573
3526	874
3527	832
3528	1574
3529	802
3530	1575
3531	501
3532	639
3533	1576
3534	3
3535	1577
3536	603
3537	559
3538	1578
3539	1579
3540	82
3541	1580
3542	1581
3543	1582
3544	1583
3545	244
3546	1584
3547	1219
3548	795
3549	1010
3550	1585
3551	1586
3552	1587
3553	1588
3554	496
3555	1589
3556	1590
3557	120
3558	224
3559	1591
3560	1406
3561	799
3562	1592
3563	272
3564	1593
3565	1594
3566	1595
3567	1219
3568	1596
3569	1515
3570	1597
3571	1598
3572	1599
3573	1600
3574	1601
3575	1602
3576	416
3577	1603
3578	1467
3579	1604
3580	1605
3581	1379
3582	730
3583	46
3584	74
3585	1353
3586	1606
3587	834
3588	1607
3589	1608
3590	1609
3591	15
3592	1186
3593	1610
3594	556
3595	1131
3596	1203
3597	1611
3598	1529
3599	1612
3600	1613
3601	1614
3602	1615
3603	465
3604	853
3605	1616
3606	1617
3607	1618
3608	1619
3609	1620
3610	1621
3611	1622
3612	1623
3613	92
3614	204
3615	1624
3616	1625
3617	1277
3618	1626
3619	387
3620	1189
3621	1627
3622	1628
3623	1321
3624	1203
3625	1629
3626	173
3627	603
3628	1630
3629	1631
3630	1632
3631	509
3632	1633
3633	1454
3634	1117
3635	997
3636	1634
3637	1635
3638	1636
3639	618
3640	1533
3641	1087
3642	1637
3643	1638
3644	1639
3645	1640
3646	1641
3647	1642
3648	1643
3649	626
3650	1156
3651	35
3652	932
3653	1644
3654	432
3655	43
3656	119
3657	1645
3658	1646
3659	77
3660	1647
3661	818
3662	1648
3663	1649
3664	1650
3665	1651
3666	1242
3667	1652
3668	1653
3669	1654
3670	1655
3671	1656
3672	1657
3673	424
3674	1658
3675	864
3676	1659
3677	1660
3678	946
3679	214
3680	719
3681	1661
3682	1662
3683	348
3684	1335
3685	265
3686	430
3687	941
3688	228
3689	228
3690	566
3691	689
3692	1663
3693	11
3694	1664
3695	1665
3696	1666
3697	1667
3698	48
3699	1288
3700	1668
3701	464
3702	1669
3703	1670
3704	1671
3705	769
3706	689
3707	1672
3708	1672
3709	1027
3710	1644
3711	1532
3712	1673
3713	568
3714	1597
3715	1674
3716	922
3717	1336
3718	1675
3719	1036
3720	1676
3721	77
3722	1235
3723	1677
3724	385
3725	1678
3726	603
3727	1679
3728	1680
3729	1681
3730	1682
3731	1683
3732	1684
3733	1665
3734	1685
3735	468
3736	1686
3737	196
3738	1687
3739	774
3740	1319
3741	272
3742	1183
3743	862
3744	1688
3745	1689
3746	1690
3747	567
3748	1691
3749	1692
3750	1365
3751	720
3752	1693
3753	1694
3754	1695
3755	1696
3756	704
3757	1697
3758	1415
3759	1698
3760	1538
3761	851
3762	1699
3763	1700
3764	1533
3765	1701
3766	1702
3767	1703
3768	1704
3769	1705
3770	1706
3771	1707
3772	988
3773	820
3774	1124
3775	1708
3776	1709
3777	268
3778	237
3779	1710
3780	1533
3781	1711
3782	1538
3783	1033
3784	922
3785	1712
3786	1713
3787	1696
3788	110
3789	880
3790	1714
3791	5
3792	1715
3793	1716
3794	1717
3795	1718
3796	1719
3797	1720
3798	443
3799	1721
3800	1722
3801	1723
3802	1724
3803	383
3804	1725
3805	1726
3806	1727
3807	864
3808	1728
3809	947
3810	1729
3811	1730
3812	1731
3813	780
3814	1732
3815	1733
3816	1734
3817	1445
3818	941
3819	1735
3820	1102
3821	1736
3822	1737
3823	1738
3824	330
3825	1739
3826	1740
3827	1741
3828	1678
3829	1742
3830	454
3831	1467
3832	1743
3833	1744
3834	459
3835	432
3836	1745
3837	600
3838	933
3839	183
3840	1746
3841	1060
3842	1286
3843	240
3844	1118
3845	1711
3846	1747
3847	605
3848	1748
3849	1749
3850	760
3851	471
3852	922
3853	1667
3854	1750
3855	922
3856	149
3857	1751
3858	1292
3859	1752
3860	1711
3861	1368
3862	1118
3863	1753
3864	1754
3865	769
3866	1755
3867	1596
3868	1292
3869	1756
3870	480
3871	1757
3872	1758
3873	863
3874	1427
3875	1759
3876	1760
3877	1761
3878	422
3879	1762
3880	1763
3881	1164
3882	1331
3883	80
3884	1651
3885	850
3886	603
3887	1242
3888	1764
3889	1765
3890	1766
3891	1767
3892	1768
3893	1769
3894	1770
3895	1771
3896	1772
3897	1246
3898	1773
3899	1774
3900	1009
3901	1775
3902	1776
3903	1777
3904	1778
3905	1779
3906	1780
3907	662
3908	1781
3909	1782
3910	991
3911	1783
3912	1784
3913	1785
3914	1786
3915	1787
3916	1788
3917	1789
3918	380
3919	1744
3920	1790
3921	1791
3922	1186
3923	1792
3924	624
3925	1793
3926	1794
3927	1116
3928	1667
3929	1795
3930	1699
3931	864
3932	228
3933	1796
3934	1797
3935	1244
3936	1798
3937	1739
3938	1799
3939	1699
3940	864
3941	1300
3942	1800
3943	1060
3944	1801
3945	1802
3946	1803
3947	1804
3948	1805
3949	1806
3950	1807
3951	1597
3952	1808
3953	701
3954	1809
3955	1810
3956	1268
3957	1811
3958	519
3959	1527
3960	769
3961	1812
3962	1813
3963	1814
3964	1815
3965	1225
3966	1816
3967	1817
3968	1608
3969	322
3970	1818
3971	1819
3972	1820
3973	1821
3974	1142
3975	1822
3976	65
3977	1823
3978	1824
3979	432
3980	1825
3981	1215
3982	1564
3983	1826
3984	1702
3985	1827
3986	696
3987	1702
3988	844
3989	1828
3990	1829
3991	595
3992	1830
3993	1767
3994	1831
3995	1832
3996	1833
3997	1834
3998	1835
3999	1836
4000	1530
4001	1837
4002	1838
4003	1839
4004	1277
4005	1840
4006	488
4007	1841
4008	689
4009	1842
4010	689
4011	1843
4012	82
4013	1844
4014	702
4015	1845
4016	172
4017	1846
4018	1847
4019	1848
4020	1849
4021	1850
4022	1486
4023	769
4024	112
4025	528
4026	1851
4027	1852
4028	366
4029	1853
4030	1854
4031	1855
4032	1856
4033	1857
4034	49
4035	575
4036	148
4037	1858
4038	1529
4039	1859
4040	1860
4041	1855
4042	1861
4043	1862
4044	1863
4045	1612
4046	1864
4047	1762
4048	1865
4049	187
4050	1866
4051	1867
4052	1868
4053	1869
4054	973
4055	1870
4056	1564
4057	41
4058	1871
4059	1872
4060	1873
4061	472
4062	1874
4063	1875
4064	1876
4065	1877
4066	1878
4067	1076
4068	528
4069	1879
4070	1880
4071	1881
4072	1882
4073	1883
4074	1884
4075	689
4076	1885
4077	1886
4078	1887
4079	1557
4080	1650
4081	1888
4082	1889
4083	1890
4084	1891
4085	1557
4086	416
4087	933
4088	1892
4089	1893
4090	1894
4091	1895
4092	1186
4093	1543
4094	1005
4095	1896
4096	1897
4097	1081
4098	1898
4099	1899
4100	1900
4101	540
4102	1851
4103	323
4104	1901
4105	1902
4106	1903
4107	1904
4108	1905
4109	1304
4110	1906
4111	1907
4112	1747
4113	1711
4114	1908
4115	1909
4116	1910
4117	174
4118	1911
4119	1912
4120	1913
4121	823
4122	1903
4123	1165
4124	1914
4125	1915
4126	1800
4127	1916
4128	1917
4129	1744
4130	1538
4131	1739
4132	1918
4133	1919
4134	1920
4135	1921
4136	1922
4137	1923
4138	415
4139	1924
4140	1925
4141	1926
4142	1927
4143	1928
4144	1744
4145	1838
4146	1331
4147	785
4148	922
4149	834
4150	1338
4151	32
4152	1929
4153	1930
4154	1931
4155	1932
4156	1933
4157	1674
4158	1934
4159	468
4160	1131
4161	1935
4162	1936
4163	1937
4164	1938
4165	1939
4166	1940
4167	1941
4168	1243
4169	1406
4170	1942
4171	1943
4172	1083
4173	1944
4174	1945
4175	1946
4176	1947
4177	1948
4178	1949
4179	1950
4180	1951
4181	1952
4182	1953
4183	1530
4184	1954
4185	1955
4186	1956
4187	126
4188	1445
4189	1957
4190	1958
4191	1959
4192	1960
4193	1961
4194	1962
4195	1963
4196	1964
4197	1781
4198	922
4199	595
4200	1667
4201	1965
4202	1966
4203	1967
4204	1739
4205	432
4206	148
4207	32
4208	421
4209	1968
4210	1969
4211	863
4212	1171
4213	922
4214	1970
4215	1971
4216	165
4217	1645
4218	730
4219	1972
4220	1973
4221	1974
4222	1975
4223	1976
4224	1977
4225	1978
4226	1586
4227	1979
4228	313
4229	1980
4230	1981
4231	1982
4232	1983
4233	1564
4234	1984
4235	1985
4236	1986
4237	1987
4238	1988
4239	1989
4240	1586
4241	1990
4242	1991
4243	1992
4244	537
4245	1993
4246	1455
4247	1994
4248	47
4249	254
4250	488
4251	1995
4252	1996
4253	1997
4254	757
4255	1998
4256	1100
4257	1999
4258	917
4259	2000
4260	2001
4261	2002
4262	47
4263	1454
4264	2003
4265	2004
4266	2005
4267	1647
4268	1131
4269	2006
4270	2007
4271	2008
4272	2009
4273	2010
4274	1558
4275	1427
4276	2011
4277	2012
4278	1596
4279	2013
4280	2014
4281	2015
4282	881
4283	468
4284	2016
4285	1734
4286	2017
4287	2018
4288	2019
4289	2020
4290	2021
4291	2022
4292	2023
4293	2024
4294	2025
4295	2026
4296	362
4297	2027
4298	2028
4299	2029
4300	2030
4301	2031
4302	2032
4303	522
4304	2033
4305	2034
4306	634
4307	2035
4308	2036
4309	2037
4310	2038
4311	1763
4312	2039
4313	873
4314	2040
4315	2041
4316	2042
4317	2043
4318	2044
4319	2045
4320	2046
4321	1467
4322	2047
4323	2048
4324	2049
4325	2050
4326	2051
4327	2049
4328	2052
4329	2053
4330	2054
4331	2055
4332	2056
4333	2057
4334	2058
4335	2059
4336	2060
4337	2061
4338	1851
4339	2062
4340	2063
4341	2064
4342	307
4343	1970
4344	2065
4345	599
4346	2066
4347	247
4348	785
4349	2067
4350	2068
4351	2069
4352	2070
4353	695
4354	2071
4355	1626
4356	1660
4357	2072
4358	2073
4359	1651
4360	1797
4361	1293
4362	2074
4363	2075
4364	2076
4365	376
4366	2077
4367	2078
4368	445
4369	2079
4370	2080
4371	139
4372	1945
4373	2081
4374	21
4375	1811
4376	2082
4377	2031
4378	790
4379	217
4380	2083
4381	684
4382	2084
4383	1538
4384	1433
4385	2085
4386	27
4387	1611
4388	2086
4389	2087
4390	2088
4391	2089
4392	2090
4393	2091
4394	2092
4395	2093
4396	2094
4397	2095
4398	2096
4399	2097
4400	2098
4401	2099
4402	2100
4403	454
4404	1831
4405	2101
4406	2102
4407	2103
4408	2104
4409	416
4410	2105
4411	1846
4412	2106
4413	2107
4414	1845
4415	2108
4416	2109
4417	901
4418	2110
4419	2111
4420	2112
4421	2113
4422	2114
4423	2115
4424	2116
4425	2113
4426	1186
4427	2117
4428	1622
4429	2118
4430	2119
4431	1957
4432	2120
4433	2121
4434	1253
4435	2122
4436	2123
4437	40
4438	2124
4439	2067
4440	2125
4441	2126
4442	2127
4443	2128
4444	2129
4445	1804
4446	2130
4447	11
4448	463
4449	1448
4450	2131
4451	2132
4452	2133
4453	2134
4454	1285
4455	2135
4456	1841
4457	1428
4458	114
4459	2136
4460	2137
4461	2138
4462	2139
4463	2140
4464	2141
4465	1769
4466	2142
4467	2143
4468	663
4469	1613
4470	1625
4471	1802
4472	250
4473	1585
4474	2144
4475	2145
4476	2146
4477	2147
4478	679
4479	2148
4480	486
4481	2149
4482	2150
4483	2151
4484	2152
4485	2153
4486	5
4487	2154
4488	2155
4489	2156
4490	2157
4491	2158
4492	851
4493	2159
4494	1744
4495	2160
4496	2161
4497	722
4498	2162
4499	1544
4500	551
4501	2163
4502	1863
4503	1863
4504	2164
4505	2165
4506	2166
4507	1583
4508	2167
4509	2168
4510	2169
4511	2170
4512	2171
4513	2172
4514	2173
4515	2174
4516	2175
4517	603
4518	1427
4519	2176
4520	40
4521	2177
4522	753
4523	2178
4524	720
4525	2179
4526	2180
4527	2116
4528	2181
4529	2182
4530	1675
4531	2183
4532	1203
4533	2184
4534	997
4535	2185
4536	2186
4537	2187
4538	2188
4539	2189
4540	2190
4541	2191
4542	2192
4543	2193
4544	1515
4545	2194
4546	1087
4547	2195
4548	2196
4549	2197
4550	2198
4551	2199
4552	82
4553	51
4554	730
4555	2200
4556	2201
4557	174
4558	2202
4559	2203
4560	2204
4561	1057
4562	912
4563	1323
4564	2205
4565	2206
4566	2060
4567	2207
4568	2208
4569	2209
4570	2210
4571	2211
4572	432
4573	2021
4574	2212
4575	2213
4576	231
4577	1436
4578	2214
4579	2215
4580	2216
4581	2217
4582	2218
4583	2219
4584	933
4585	2220
4586	1505
4587	2221
4588	2222
4589	2165
4590	2223
4591	1846
4592	2224
4593	501
4594	2225
4595	2226
4596	159
4597	2227
4598	2228
4599	2229
4600	2230
4601	2231
4602	2232
4603	2233
4604	2234
4605	2235
4606	2236
4607	119
4608	2237
4609	2238
4610	1304
4611	2239
4612	2120
4613	2240
4614	2241
4615	2242
4616	1577
4617	1696
4618	2243
4619	2244
4620	2245
4621	2246
4622	2247
4623	2248
4624	2249
4625	2250
4626	2251
4627	468
4628	2252
4629	2253
4630	47
4631	2254
4632	2255
4633	2256
4634	2082
4635	603
4636	2255
4637	848
4638	2257
4639	383
4640	769
4641	2253
4642	1846
4643	2258
4644	2259
4645	1323
4646	2260
4647	1190
4648	1195
4649	2261
4650	2262
4651	2263
4652	2264
4653	2265
4654	2266
4655	2267
4656	418
4657	2268
4658	1696
4659	2269
4660	1831
